C1,C2,C3,C4,C5,C6,C7,C8,C9,C10,C11,C12,C13,C14,C15,C16,x_pos,y_pos,time
0.0,0.0,0.0,0.0,0.0,0.0,0.0,0.0,0.0,0.0,0.0,0.0,0.0,0.0,0.0,0.0,0.0,0.0,1680822919.6348636
0.0,0.0,0.0,0.0,0.0,0.0,0.0,0.0,0.0,0.0,0.0,0.0,0.0,0.0,0.0,0.0,0.0,0.0,1680822919.643353
0.0,0.0,0.0,0.0,0.0,0.0,0.0,0.0,0.0,0.0,0.0,0.0,0.0,0.0,0.0,0.0,0.0,0.0,1680822919.6449394
0.0,0.0,0.0,0.0,0.0,0.0,0.0,0.0,0.0,0.0,0.0,0.0,0.0,0.0,0.0,0.0,0.0,0.0,1680822919.6466382
0.0,0.0,0.0,0.0,0.0,0.0,0.0,0.0,0.0,0.0,0.0,0.0,0.0,0.0,0.0,0.0,0.0,0.0,1680822919.6526587
0.0,0.0,0.0,0.0,0.0,0.0,0.0,0.0,0.0,0.0,0.0,0.0,0.0,0.0,0.0,0.0,0.0,0.0,1680822919.659651
0.0006302615622644225,0.0019172129446815233,0.0016283497636322864,0.0006536373193739564,0.00024074610028606002,6.329927582555683e-05,0.0012973941573363845,0.0014877739483381447,0.00044012275848217544,9.342266208705041e-05,0.00010306214500133137,0.00024331663385055436,0.0012468672068280285,0.000928201936676487,0.001479821396060288,0.001699762258431292,0.0,0.0,1680822919.6670783
0.0006302615622644225,0.0019172129446815233,0.0016283497636322864,0.0006536373193739564,0.00024074610028606002,6.329927582555683e-05,0.0012973941573363845,0.0014877739483381447,0.00044012275848217544,9.342266208705041e-05,0.00010306214500133137,0.00024331663385055436,0.0012468672068280285,0.000928201936676487,0.001479821396060288,0.001699762258431292,0.0,0.0,1680822919.6741276
0.0006792823539569781,0.0019231271601256594,0.0016476488098078335,0.0006994650291289872,0.0002571533054407382,6.391178430931177e-05,0.001192032598851256,0.001427246027617457,0.0004086739428430519,0.00010909686441706867,0.00012059395596253353,0.0002678471100097113,0.001239978989080015,0.000996933467376948,0.0014785562127599405,0.001673002652694322,0.0,0.0,1680822919.6811259
0.0006792823539569781,0.0019231271601256594,0.0016476488098078335,0.0006994650291289872,0.0002571533054407382,6.391178430931177e-05,0.001192032598851256,0.001427246027617457,0.0004086739428430519,0.00010909686441706867,0.00012059395596253353,0.0002678471100097113,0.001239978989080015,0.000996933467376948,0.0014785562127599405,0.001673002652694322,0.0,0.0,1680822919.6883042
0.0006463930957455556,0.001932424336452889,0.0016446638532711818,0.0006730842478232676,0.00024934860945791115,6.422671049222117e-05,0.0012499927284311111,0.0014662238654223488,0.0004239912293335444,0.00010329583050024253,0.00011815670016672316,0.0002613614538466374,0.0012542282614653934,0.0009528483482096238,0.0014899574541480185,0.001696476068445918,-0.0,-0.0,1680822919.695326
0.0006463930957455556,0.001932424336452889,0.0016446638532711818,0.0006730842478232676,0.00024934860945791115,6.422671049222117e-05,0.0012499927284311111,0.0014662238654223488,0.0004239912293335444,0.00010329583050024253,0.00011815670016672316,0.0002613614538466374,0.0012542282614653934,0.0009528483482096238,0.0014899574541480185,0.001696476068445918,-0.0038268343236508968,-0.009238795325112868,1680822919.702857
0.0006463930957455556,0.001932424336452889,0.0016446638532711818,0.0006730842478232676,0.00024934860945791115,6.422671049222117e-05,0.0012499927284311111,0.0014662238654223488,0.0004239912293335444,0.00010329583050024253,0.00011815670016672316,0.0002613614538466374,0.0012542282614653934,0.0009528483482096238,0.0014899574541480185,0.001696476068445918,-0.0076536686473017935,-0.018477590650225736,1680822919.7081203
0.0006707976034476815,0.0019303065678855091,0.001649506413485824,0.0006926370658959513,0.00025366401343696054,6.398709274435532e-05,0.001220072448091969,0.0014449435172174674,0.000414748825079414,0.00010824336843562321,0.00011848531880076507,0.00026511090351633015,0.0012520534419042662,0.0009847585999125386,0.001486589104331415,0.0016902984978344193,-0.01148050297095269,-0.027716385975338605,1680822919.7162132
0.0006707976034476815,0.0019303065678855091,0.001649506413485824,0.0006926370658959513,0.00025366401343696054,6.398709274435532e-05,0.001220072448091969,0.0014449435172174674,0.000414748825079414,0.00010824336843562321,0.00011848531880076507,0.00026511090351633015,0.0012520534419042662,0.0009847585999125386,0.001486589104331415,0.0016902984978344193,-0.015307337294603587,-0.03695518130045147,1680822919.7221472
0.0006713297849955779,0.0019410706551298063,0.0016571075462479712,0.0006930989558100009,0.0002537192396971477,6.398207215170259e-05,0.0012267447770483385,0.0014569075214950545,0.0004175101351393096,0.00010818312178173528,0.00011766194615461245,0.0002650857999498157,0.0012571091498685405,0.000985677364269577,0.0014944814267437323,0.0016980151050347558,-0.019134171618254484,-0.04619397662556435,1680822919.7300153
0.0006713297849955779,0.0019410706551298063,0.0016571075462479712,0.0006930989558100009,0.0002537192396971477,6.398207215170259e-05,0.0012267447770483385,0.0014569075214950545,0.0004175101351393096,0.00010818312178173528,0.00011766194615461245,0.0002650857999498157,0.0012571091498685405,0.000985677364269577,0.0014944814267437323,0.0016980151050347558,-0.02296100594190538,-0.05543277195067721,1680822919.735973
0.0006836321767514164,0.0019485894558238215,0.0016686427932108927,0.0007056583996836708,0.0002600572003041179,6.374911798047834e-05,0.0012233629260140332,0.0014579236844861044,0.00042037788153265865,0.00010801041444096881,0.00011676627737870148,0.0002698252126947409,0.0012603624719406525,0.0010026026873310911,0.0014999036386871012,0.0017015134376379137,-0.02678784026555628,-0.06467156727579008,1680822919.7440257
0.0006836321767514164,0.0019485894558238215,0.0016686427932108927,0.0007056583996836708,0.0002600572003041179,6.374911798047834e-05,0.0012233629260140332,0.0014579236844861044,0.00042037788153265865,0.00010801041444096881,0.00011676627737870148,0.0002698252126947409,0.0012603624719406525,0.0010026026873310911,0.0014999036386871012,0.0017015134376379137,-0.030614674589207174,-0.07391036260090295,1680822919.7497861
0.0006512452970734254,0.0018974906738717604,0.0016209803089218945,0.0006739308127163424,0.0002483059558379089,6.377232404230637e-05,0.0012171930607299448,0.0014318351970077688,0.0004154944712969087,0.00010206249602038884,0.00011296641680389628,0.00025781155995079845,0.0012256722323124231,0.0009549931590266135,0.001462062714718168,0.0016583928144495144,-0.03444150891285807,-0.08314915792601581,1680822919.7567976
0.0006512452970734254,0.0018974906738717604,0.0016209803089218945,0.0006739308127163424,0.0002483059558379089,6.377232404230637e-05,0.0012171930607299448,0.0014318351970077688,0.0004154944712969087,0.00010206249602038884,0.00011296641680389628,0.00025781155995079845,0.0012256722323124231,0.0009549931590266135,0.001462062714718168,0.0016583928144495144,-0.03826834323650897,-0.0923879532511287,1680822919.7648304
0.0006512452970734254,0.0018974906738717604,0.0016209803089218945,0.0006739308127163424,0.0002483059558379089,6.377232404230637e-05,0.0012171930607299448,0.0014318351970077688,0.0004154944712969087,0.00010206249602038884,0.00011296641680389628,0.00025781155995079845,0.0012256722323124231,0.0009549931590266135,0.001462062714718168,0.0016583928144495144,-0.04209517756015987,-0.10162674857624156,1680822919.7706118
0.0006597993306214785,0.0019062985577787208,0.0016298371356682647,0.0006818639037060019,0.0002497973696565183,6.378384076073886e-05,0.0012153523081865974,0.0014341452557041815,0.0004156509063550989,0.00010354671152592874,0.00011325097547444696,0.0002593072921225455,0.00122979857258546,0.0009663064058796158,0.001468453526637947,0.001663355075511537,-0.04592201188381076,-0.11086554390135442,1680822919.778517
0.0006597993306214785,0.0019062985577787208,0.0016298371356682647,0.0006818639037060019,0.0002497973696565183,6.378384076073886e-05,0.0012153523081865974,0.0014341452557041815,0.0004156509063550989,0.00010354671152592874,0.00011325097547444696,0.0002593072921225455,0.00122979857258546,0.0009663064058796158,0.001468453526637947,0.001663355075511537,-0.04974884620746166,-0.1201043392264673,1680822919.7847059
0.0006668571795549789,0.0019201506866011187,0.001642625369108178,0.0006875935471790789,0.0002518200324435124,6.376977390963086e-05,0.0012203356683471612,0.0014426864158086313,0.0004176880060867916,0.00010470315349217735,0.0001136311500829379,0.00026118410361683736,0.001237549028227899,0.0009763649315191613,0.0014788918583300463,0.0016734717200831385,-0.05357568053111256,-0.12934313455158017,1680822919.7927458
0.0006668571795549789,0.0019201506866011187,0.001642625369108178,0.0006875935471790789,0.0002518200324435124,6.376977390963086e-05,0.0012203356683471612,0.0014426864158086313,0.0004176880060867916,0.00010470315349217735,0.0001136311500829379,0.00026118410361683736,0.001237549028227899,0.0009763649315191613,0.0014788918583300463,0.0016734717200831385,-0.05740251485476345,-0.13858192987669302,1680822919.7983885
0.000672102952649567,0.0019394640800783236,0.0016597784826331008,0.0006950168096580001,0.00025565717803885943,6.38214140508353e-05,0.0012301386782681335,0.0014564355925998028,0.0004195886480232502,0.00010635563626522071,0.00011543281553585416,0.00026578867858901846,0.0012517973905296742,0.0009848841125979391,0.001493768508771609,0.0016903537249049806,-0.06122934917841435,-0.1478207252018059,1680822919.8057523
0.000672102952649567,0.0019394640800783236,0.0016597784826331008,0.0006950168096580001,0.00025565717803885943,6.38214140508353e-05,0.0012301386782681335,0.0014564355925998028,0.0004195886480232502,0.00010635563626522071,0.00011543281553585416,0.00026578867858901846,0.0012517973905296742,0.0009848841125979391,0.001493768508771609,0.0016903537249049806,-0.06505618350206525,-0.15705952052691877,1680822919.8131006
0.000675903402332969,0.0019388532060940296,0.001659905982124169,0.000696798292046667,0.00025498862573034215,6.374015102601545e-05,0.0012283055891036258,0.0014549455374903604,0.00042034500166548326,0.00010648266831745512,0.00011416996841791293,0.0002641517409768386,0.0012505922209717758,0.0009893360685632774,0.0014934754474589405,0.0016896090469133416,-0.06888301782571614,-0.16629831585203161,1680822919.820076
0.000675903402332969,0.0019388532060940296,0.001659905982124169,0.000696798292046667,0.00025498862573034215,6.374015102601545e-05,0.0012283055891036258,0.0014549455374903604,0.00042034500166548326,0.00010648266831745512,0.00011416996841791293,0.0002641517409768386,0.0012505922209717758,0.0009893360685632774,0.0014934754474589405,0.0016896090469133416,-0.07270985214936704,-0.17553711117714452,1680822919.8271809
0.000675903402332969,0.0019388532060940296,0.001659905982124169,0.000696798292046667,0.00025498862573034215,6.374015102601545e-05,0.0012283055891036258,0.0014549455374903604,0.00042034500166548326,0.00010648266831745512,0.00011416996841791293,0.0002641517409768386,0.0012505922209717758,0.0009893360685632774,0.0014934754474589405,0.0016896090469133416,-0.07653668647301794,-0.1847759065022574,1680822919.8335235
0.000687424404276889,0.00195452751821627,0.001675165857843398,0.0007075939770946048,0.00026023986188823017,6.377426447927618e-05,0.0012279078026734703,0.0014609056434736708,0.0004203740386228476,0.00010868867076829287,0.0001156126826740349,0.00026987061579142807,0.0012610173298878387,0.0010057543803002466,0.0015047460812994636,0.0017010021228800367,-0.08036352079666882,-0.19401470182737024,1680822919.840286
0.000687424404276889,0.00195452751821627,0.001675165857843398,0.0007075939770946048,0.00026023986188823017,6.377426447927618e-05,0.0012279078026734703,0.0014609056434736708,0.0004203740386228476,0.00010868867076829287,0.0001156126826740349,0.00026987061579142807,0.0012610173298878387,0.0010057543803002466,0.0015047460812994636,0.0017010021228800367,-0.08419035512031973,-0.20325349715248311,1680822919.84728
0.0006825998688094726,0.001948049835436013,0.0016690639676216605,0.000702524619604375,0.0002574781662290474,6.382220168483863e-05,0.0012319953036705788,0.001460058867768807,0.00042071148197919683,0.00010763302532937173,0.00011467362748130744,0.00026639311527852514,0.001256645286962807,0.0009986631011111727,0.001500845534257464,0.001696738109714323,-0.08801718944397063,-0.212492292477596,1680822919.855382
0.0006825998688094726,0.001948049835436013,0.0016690639676216605,0.000702524619604375,0.0002574781662290474,6.382220168483863e-05,0.0012319953036705788,0.001460058867768807,0.00042071148197919683,0.00010763302532937173,0.00011467362748130744,0.00026639311527852514,0.001256645286962807,0.0009986631011111727,0.001500845534257464,0.001696738109714323,-0.09184402376762152,-0.22173108780270884,1680822919.8616335
0.000685100252515224,0.0019495231825859684,0.001671173925732542,0.0007047606927927647,0.0002583220203107316,6.394044046072805e-05,0.0012281758451949225,0.0014577187964940376,0.0004194495847190261,0.00010830113927510022,0.00011521897164538834,0.00026751401044065333,0.0012568448696734344,0.0010020441262086688,0.001501602651194545,0.0016959475499095282,-0.09567085809127242,-0.2309698831278217,1680822919.86864
0.0006997887058471807,0.0019779539711752853,0.0016970027184545283,0.0007195212976854664,0.00026425793642053633,6.39456878621679e-05,0.0012371124207054569,0.00147494682977648,0.0004231241879739066,0.0001111451364848857,0.00011656592738344283,0.0002735420838224159,0.0012765700368751877,0.0010233275778083386,0.0015229476727237103,0.0017207423138504109,-0.09949769241492332,-0.2402086784529346,1680822919.8751633
0.0006786410657206134,0.0019411991891198947,0.0016633035870962784,0.0006977343839389505,0.00025615320993236106,6.395618833873111e-05,0.0012284415049735899,0.0014560618443212863,0.00042013153761015726,0.00010661982954590914,0.00011386729202008105,0.0002651286415175491,0.0012500053832753919,0.000992759704443213,0.0014958336318199549,0.0016877164763395235,-0.10332452673857422,-0.24944747377804746,1680822919.8828
0.0006851753757199808,0.0019432639936950895,0.0016665277278841986,0.0007039175909847044,0.00025831021900206246,6.402058225712213e-05,0.001219177764480131,0.0014498342101593336,0.0004165786292503136,0.000108710729026569,0.00011557821656765814,0.00026815558148247926,0.001250691740045444,0.0010017416048369292,0.0014967007681947054,0.001686689032628177,-0.10715136106222511,-0.25868626910316034,1680822919.8889225
0.0006903978200743805,0.0019439039532655592,0.0016690579027531767,0.000708959499142461,0.0002603319296579856,6.394117574312497e-05,0.0012178320052808472,0.0014499042205322204,0.0004154639385834138,0.00010970859553203074,0.0001156445255597389,0.00026967864370189813,0.0012527376188959114,0.0010092766215606438,0.001497150124608224,0.0016882856387938298,-0.110978195385876,-0.2679250644282732,1680822919.8959227
0.0006923640745835505,0.0019484138369032726,0.0016730694686316115,0.0007111568906128843,0.00026011413370105536,6.398216713713615e-05,0.0012163144409634318,0.0014473809914195106,0.00041399645003493317,0.00011079709095054301,0.00011728418127244256,0.0002707487112245949,0.0012548495836438097,0.0010121533729645833,0.0015004627097085126,0.0016903658521341834,-0.1148050297095269,-0.27716385975338603,1680822919.9042015
0.0007044093677111721,0.0019665797217849968,0.0016897944186392948,0.0007215618639402635,0.00026331504132706045,6.394268947479558e-05,0.0012201178272538385,0.001456914517208784,0.0004168040776700549,0.00011266390819292409,0.0001174328324252064,0.0002731734278223903,0.001266540575714918,0.00102880574410444,0.0015140790698713897,0.0017059071373752173,-0.1186318640331778,-0.28640265507849894,1680822919.9101777
0.000687152122439399,0.0019499693952064535,0.0016724541308620051,0.0007056970807201596,0.00025790674213527117,6.39636283269584e-05,0.0012279893149818473,0.001455000277789913,0.00041691702717205155,0.0001096069958763398,0.00011571125200100782,0.0002680180894772082,0.0012558067494744258,0.0010042139859454083,0.0015022839203605533,0.0016931936300676755,-0.1224586983568287,-0.2956414504036118,1680822919.9171963
0.0007000742697665012,0.001970031695775807,0.0016916635408561198,0.0007185789811178055,0.0002633475939727573,6.400771938399019e-05,0.0012283721648359406,0.0014630645572673616,0.00041742448058839835,0.00011250709787900742,0.00011763266946503111,0.00027390844278045966,0.0012695780509887529,0.001022915672243164,0.0015169450023326551,0.0017091926938804366,-0.1262855326804796,-0.3048802457287247,1680822919.9240818
0.0006898089209167763,0.0019551834136233505,0.0016775935998265,0.0007080096457060061,0.00026009353768633966,6.390380972547882e-05,0.0012323084145360469,0.001462347754751447,0.0004212116476284315,0.00010846395877728908,0.00011389110919192105,0.000268633215011273,0.001258833166555783,0.0010086522711812182,0.0015066778698476727,0.0016978789291563871,-0.1301123670041305,-0.31411904105383753,1680822919.9310749
0.0006896256447001586,0.0019522207019335106,0.0016751797255950094,0.0007074420693786762,0.0002589660187389189,6.398253377671514e-05,0.0012270286972689691,0.0014566626188710892,0.0004179251657252939,0.00010940998603389785,0.0001153118603672309,0.00026853163705249476,0.0012563903405621779,0.0010081200903599913,0.0015042395559468223,0.0016936831048157215,-0.1339392013277814,-0.32335783637895044,1680822919.9372509
0.0006970176992933957,0.0019565118877544387,0.0016818190983036055,0.0007140582851717952,0.00026182570319291333,6.393107671939422e-05,0.0012220698966210763,0.0014566090045223115,0.0004174871168191438,0.00011056884865886306,0.00011506727337649188,0.00027114748161724225,0.0012595664027991987,0.0010187237298110079,0.0015074347075732363,0.0016972783755683052,-0.13776603565143228,-0.33259663170406323,1680822919.9452682
0.0006914321237292985,0.0019533193519318155,0.001677946975313468,0.0007094540913057143,0.0002597082158649334,6.401033602674875e-05,0.0012243185408814734,0.0014551752505238052,0.00041699691908284557,0.00011014002598078268,0.00011565892692420607,0.00026960802574596646,0.0012573650102004413,0.0010111491005188908,0.0015054478265807557,0.0016946003733951161,-0.14159286997508316,-0.34183542702917613,1680822919.9514585
0.0007041548244990641,0.001985406471068446,0.0017054834286160687,0.0007224887452085729,0.0002640825938319043,6.410329257561066e-05,0.0012361438162663357,0.001473830513269065,0.00042121490005939035,0.00011324575864446613,0.00011773836768382629,0.00027465985613625023,0.001279274325267221,0.0010300580587773473,0.001529944511656642,0.0017226105951048919,-0.14541970429873408,-0.35107422235428903,1680822919.9585311
0.0006889967959819039,0.001965217643694541,0.0016854765135368441,0.0007072424235265713,0.00025892346778264556,6.408974313928129e-05,0.0012373989303841241,0.0014668382553435562,0.00042097691456527967,0.00011002437216647933,0.00011556820582751977,0.00026918899059908763,0.0012659704205728991,0.0010080124141633323,0.0015152468567570386,0.0017066034229536908,-0.149246538622385,-0.3603130176794019,1680822919.9665458
0.0006970852300643332,0.001970343025559289,0.0016920708500474091,0.0007150913519150499,0.00026192696564638046,6.410799851173711e-05,0.0012277380218475246,0.0014625626755960931,0.0004181378241798225,0.00011204929554546894,0.00011752874353673715,0.0002729557153420259,0.001268740753117518,0.0010196974813788764,0.0015184359693475179,0.0017081133697009988,-0.15307337294603587,-0.3695518130045148,1680822919.9725504
0.0006887944050593985,0.001954176032660753,0.0016771583018089376,0.0007071116608105656,0.000260467344827251,6.398738388500443e-05,0.0012291646168796223,0.0014591553927433454,0.00041882922495810955,0.00010919529522694941,0.00011497302041951711,0.0002699651817630688,0.00125806815710903,0.0010082765629097546,0.0015067265718568985,0.0016950133366327546,-0.1569002072696868,-0.37879060832962763,1680822919.980367
0.0006883526842206773,0.0019555114795285137,0.001677921962941376,0.000706289639647301,0.00025860962946820226,6.405617035275241e-05,0.0012269214405809146,0.0014568503522072063,0.0004171664816970152,0.00011010636911889816,0.00011652502201184532,0.0002691846883947691,0.0012584472296196581,0.0010077976548276647,0.0015077854673293462,0.0016952837668778125,-0.16072704159333764,-0.3880294036547405,1680822919.9863663
0.0006992118152454462,0.0019718074497392848,0.0016943506161213057,0.0007166967066696838,0.00026270717638090613,6.410146268440018e-05,0.0012313833624620091,0.0014685176036029121,0.00041985796492783006,0.00011180624574132897,0.00011675466013695781,0.00027270694687162245,0.0012702721705447706,0.0010233955142817561,0.0015201928745831189,0.0017108281752858119,-0.16455387591698856,-0.3972681989798533,1680822919.9933658
0.0006828005505153658,0.0019541109288391573,0.0016761610938119573,0.0007019427880410454,0.00025797202614155114,6.408851277443688e-05,0.001237439265090479,0.001464365929671574,0.0004199214283636863,0.00010873854071135355,0.00011491419023561329,0.0002678773754187355,0.0012592933181314891,0.0010003717796766322,0.0015076866272721713,0.0016979315877383896,-0.16838071024063947,-0.40650699430496623,1680822919.9999726
0.0007009076246654829,0.001974023892764625,0.0016956433705891407,0.0007185548527516421,0.0002637164306773451,6.414821122523493e-05,0.001232531250678331,0.0014682493348795985,0.00041819257028852675,0.00011317228213292011,0.00011752119078174338,0.0002741394381537166,0.0012726130983596593,0.0010254944110653762,0.00152206079147156,0.0017126077122689939,-0.17220754456429035,-0.4157457896300791,1680822920.0079825
0.0006909478410422195,0.001951267831150969,0.0016760956626638227,0.0007084170973019814,0.00026055413288210324,6.407855925599819e-05,0.0012256104740462714,0.001455008027229248,0.0004169132051378381,0.00011025205572386559,0.00011539311287232594,0.000270112365400376,0.001256626711243559,0.0010107866444866824,0.0015049486693750696,0.0016924569309333167,-0.17603437888794127,-0.424984584955192,1680822920.0140235
0.0006916539343004229,0.0019517702588233389,0.001676430585278288,0.0007088951022539392,0.000260029457691166,6.415637269740008e-05,0.0012214210207519872,0.0014520740988180072,0.00041394827523062803,0.00011167452460717663,0.0001169865432317268,0.00027088246438519286,0.001256750528502073,0.0010117946925774289,0.001505095067277623,0.0016916339501565447,-0.17986121321159215,-0.4342233802803048,1680822920.0209782
0.0006918640291925973,0.0019523915506481414,0.0016764705082159376,0.0007080105321659521,0.00025967917770750113,6.414584793707517e-05,0.0012254101764475188,0.0014581149415827071,0.0004158769596362418,0.00011097877355136937,0.00011553441908608252,0.0002695167339320236,0.0012578865766975315,0.0010121017591604848,0.0015060922734211426,0.0016945610431358632,-0.18368804753524304,-0.4434621756054177,1680822920.028562
0.0006867943478117551,0.0019509771520013798,0.0016739061156419107,0.0007037728132875604,0.00025764876308474353,6.421042522953871e-05,0.001229290602386242,0.0014585338152405733,0.0004159384370931433,0.0001105448138749962,0.00011617161650457933,0.0002680123404923532,0.0012569645156356205,0.0010052065535275576,0.0015054263523433945,0.0016938714601940905,-0.18751488185889392,-0.4527009709305305,1680822920.034402
0.0006894409791255322,0.0019568151490210735,0.0016806901158183426,0.0007079443568424418,0.0002605984523430463,6.419674447542271e-05,0.0012330192105691404,0.0014631628054752811,0.00041813199051945446,0.00011024466914712884,0.00011553345780523431,0.0002705186271951193,0.0012612580939725605,0.0010098485492416403,0.0015097647181203776,0.0016989645063937321,-0.19134171618254484,-0.4619397662556434,1680822920.042391
0.0006751521703948116,0.0019364397488872947,0.0016613946781993325,0.0006941494161021605,0.0002562229554436168,6.415662589517171e-05,0.0012304199221750177,0.0014547929899050205,0.00041802313499900444,0.00010695562922639631,0.00011322205421846435,0.00026558071750251564,0.0012476659154232745,0.0009895470484609342,0.0014950031858293339,0.0016826837726042333,-0.19516855050619575,-0.4711785615807563,1680822920.0488453
0.0006805621455069658,0.0019363458524579032,0.0016620368255484085,0.0006985266386116316,0.0002574545402580952,6.416098673401972e-05,0.0012205192747056903,0.0014471931921765315,0.00041446128155784705,0.00010869978327667179,0.00011498735467615585,0.00026773665739845205,0.0012466042992235254,0.000996364771696211,0.0014940907360079852,0.0016800451318974038,-0.19899538482984663,-0.4804173569058692,1680822920.0558388
0.0006775405630666983,0.0019273549013802205,0.0016536116321187037,0.0006946222404332274,0.000255999399859271,6.409014941332753e-05,0.0012199327034888156,0.0014447110133020392,0.0004147461187366191,0.00010732861442331546,0.00011307016392124612,0.00026520243636855997,0.0012407091375412347,0.000991467163608955,0.0014873550007458286,0.001673153971689926,-0.20282221915349755,-0.4896561522309821,1680822920.0621417
0.0006776868837936014,0.001929985617181081,0.001656177866924003,0.0006955297212482928,0.0002555950048346456,6.411815991188435e-05,0.0012179186459132481,0.0014439859313132982,0.0004139247933500932,0.00010818126303712885,0.0001145713185007858,0.00026576397208188463,0.0012411868633961055,0.000992083462727558,0.0014890282109366005,0.0016735564984769215,-0.20664905347714843,-0.4988949475560949,1680822920.07013
0.0006914633419958922,0.001953385789878721,0.0016775608803158292,0.0007084088544358507,0.0002601840498344904,6.409921076174678e-05,0.0012244306100547809,0.0014585962533669086,0.00041754694334464874,0.00011055958428423637,0.00011542032822349672,0.0002700024577864216,0.0012574195596232348,0.0010119966713078156,0.0015066594764280622,0.0016946554933557686,-0.21047588780079934,-0.5081337428812078,1680822920.0761554
0.0006743467571499633,0.001932376587014062,0.0016566085776841095,0.0006923512738552517,0.00025491336230487605,6.40160574046324e-05,0.0012282926539298317,0.001452240718505821,0.00041717800406906657,0.00010720063588765837,0.00011341841068675998,0.00026448333163824164,0.0012441112915296388,0.0009876531443375404,0.0014917100764255163,0.001678822642545605,-0.21430272212445023,-0.5173725382063207,1680822920.0834837
0.000688208782952232,0.0019523507794752095,0.0016763298732715571,0.0007066437398227065,0.00026027345978011317,6.402630854437175e-05,0.001228330810888282,0.001460285509800649,0.00041759249889944985,0.00011014331667197418,0.00011543688752526117,0.0002703053354878455,0.0012573899270821407,0.0010076443875874867,0.0015064173226667658,0.0016942391739832837,-0.21812955644810114,-0.5266113335314335,1680822920.0907056
0.0006800885172153704,0.0019366257858396672,0.0016627573533003757,0.0006989467134698792,0.0002575731211663879,6.392660678622113e-05,0.0012262264617242007,0.0014525936648299518,0.0004179404680663928,0.00010753379540076258,0.00011336338683403959,0.00026666942899445143,0.0012460715552070464,0.0009957739540281875,0.001494969140863066,0.001680751054829259,-0.221956390771752,-0.5358501288565464,1680822920.0976892
0.0006820026119136539,0.0019409250043844123,0.0016665254375032984,0.0007012303447674499,0.00025757988292951885,6.398509125209866e-05,0.0012249902541629715,0.001452861201606271,0.0004158006259580804,0.00010906449948888952,0.00011481744760578568,0.00026781954826594575,0.001249121897222962,0.0009985831599178523,0.0014981382298230076,0.0016840111820789112,-0.22578322509540288,-0.5450889241816592,1680822920.1042814
0.0006911162759174039,0.0019534435918655444,0.0016776925187830254,0.0007087207794300522,0.0002598361264366152,6.398414626120187e-05,0.001227940471728861,0.0014596124065363837,0.0004181936850078623,0.00011022802346492917,0.00011451977989459928,0.0002693549290966011,0.001257477415254176,0.0010108484414819382,0.0015073120118674903,0.0016953196484801596,-0.2296100594190538,-0.5543277195067721,1680822920.1107235
0.0006851540720800526,0.0019502461862002025,0.0016736140345970836,0.0007040351484067423,0.00025858440180344817,6.409806113216317e-05,0.0012312938766694758,0.0014592781699660764,0.00041636713474396523,0.00011012584560741624,0.00011544858094783484,0.0002691397879611006,0.0012556253117956496,0.001002806585164822,0.001504780436783213,0.0016921798011614734,-0.23343689374270468,-0.5635665148318849,1680822920.1178272
0.0006989712164663681,0.001974021859395628,0.0016953538648381628,0.0007179164502574259,0.00026456579373566874,6.412352097644201e-05,0.0012352974896677315,0.0014716355813348583,0.0004182542449954148,0.00011297288574771239,0.00011731918939601556,0.0002754082738845128,0.0012724118263371705,0.001022887355669598,0.0015223010792410144,0.001712413112847246,-0.2372637280663556,-0.5728053101569979,1680822920.1248274
0.0006893365244445238,0.001962326563021522,0.0016847357921116557,0.0007092669083671984,0.0002623447302351188,6.402168762835659e-05,0.0012364010036769052,0.0014712764946487945,0.00042133399787518664,0.0001092767585712507,0.00011408552021114666,0.00027182319114209247,0.001263401799824993,0.0010101695702412097,0.0015139478610599368,0.001703348705202493,-0.2410905623900065,-0.5820441054821107,1680822920.132047
0.0006951541931202348,0.00196516936862816,0.001688444373969961,0.0007147884993162947,0.0002644167046807578,6.406665380756534e-05,0.0012300888272105059,0.0014668269794235718,0.00041820238216881564,0.00011115269709561663,0.00011593841587776243,0.0002748046672396038,0.0012650328948401533,0.001018209198531729,0.0015153721741529914,0.0017038524263593632,-0.2449173967136574,-0.5912829008072236,1680822920.1393292
0.00068411835275809,0.001946641324722216,0.0016711359165334364,0.0007040100302264163,0.00026039429797002593,6.397824269239822e-05,0.0012332055655733993,0.0014632351299798288,0.0004189363756972802,0.00010816455353138139,0.00011298073184585285,0.00026902922483125214,0.0012528193789705837,0.0010017653393375953,0.0015018358122978763,0.0016901797738967288,-0.2487442310373083,-0.6005216961323365,1680822920.1462665
0.0006845359872650204,0.0019505214774925945,0.00167418225542243,0.0007048688133196315,0.0002598165085861817,6.407161320091348e-05,0.0012314882442474259,0.0014615682688716733,0.0004177846537355861,0.00010915167622766153,0.00011470101068584256,0.00026956653819237077,0.001254768917143951,0.001002439963289729,0.0015046511608038224,0.0016919725558943498,-0.2525710653609592,-0.6097604914574494,1680822920.1535192
0.0006985215396179323,0.00197424503041801,0.0016952001776773167,0.000717732304015087,0.0002643279770897804,6.40889249106689e-05,0.0012381583214599934,0.0014761747479754394,0.00042148490620264674,0.00011143000608680234,0.00011540856520726283,0.000273588551643347,0.001270729462302872,0.0010220656507619493,0.001522219955649114,0.001712607327291144,-0.2563978996846101,-0.6189992867825622,1680822920.1595182
0.000686545441538484,0.0019513929374768311,0.0016747115028263376,0.0007065384448236711,0.0002606974529852677,6.41293420273912e-05,0.0012281936768121999,0.0014600991188065866,0.0004168704779456473,0.00010957474793037313,0.00011501926979654534,0.00027065676655347996,0.0012544196091818516,0.0010051169826923527,0.0015046296662864767,0.001690509548364229,-0.260224734008261,-0.6282380821076751,1680822920.1675255
0.000700361522061674,0.0019751486138614525,0.0016963799839534235,0.000720401501684263,0.00026661550881374244,6.415560592228266e-05,0.0012323165009858808,0.0014724887647763793,0.0004187256402008678,0.00011237608586244543,0.00011681916386183538,0.00027694682288880904,0.0012711127227160533,0.0010251982790038436,0.0015220852155660952,0.0017107700296439892,-0.2640515683319119,-0.637476877432788,1680822920.1744597
0.00068872194100218,0.0019529829356634688,0.0016764815787081331,0.000709113723394552,0.0002622558582910175,6.406424364044091e-05,0.0012274939029875394,0.0014619441192676985,0.0004178657198436551,0.00010939487434952669,0.00011490736056102749,0.0002718511251747893,0.0012556090539090985,0.001008851545837955,0.0015058450415489702,0.00169248106216288,-0.2678784026555628,-0.6467156727579009,1680822920.1814597
0.0006898141765559086,0.001949297562125036,0.001673852356585369,0.0007099419035115424,0.00026200904496367656,6.413439420594961e-05,0.0012206526560418133,0.0014543873922895796,0.00041405068189033473,0.00011060398130484398,0.00011649982760705259,0.0002726943227532999,0.0012527236326846224,0.0010100844997567656,0.0015024029348022043,0.001687546187420225,-0.27170523697921367,-0.6559544680830136,1680822920.1874604
0.0006876749165841871,0.0019465038216904677,0.0016712600586045441,0.0007075965166501936,0.00026169737368801095,6.408796042788625e-05,0.0012251053366309282,0.0014568107664010975,0.0004154471391721224,0.00010989741639429502,0.00011497274929762501,0.0002713514637300498,0.0012517891711452606,0.0010068805713093422,0.0015006412057325426,0.001687150604370593,-0.27553207130286456,-0.6651932634081265,1680822920.1954536
0.000683742684491569,0.001946672668951561,0.0016699879660996401,0.0007045306372230409,0.00025979309103821215,6.412058343396035e-05,0.0012274425903926862,0.0014561626055956793,0.0004152935787488939,0.00010981053545464989,0.00011583145770849446,0.00027017580698271713,0.001251578828234912,0.0010015603605684064,0.0015009967144272696,0.0016868195293097848,-0.27935890562651544,-0.6744320587332394,1680822920.201454
0.0006979434799330004,0.0019721138463381495,0.0016920984349737024,0.0007173599489611284,0.0002648614556916597,6.408953942793216e-05,0.0012332098182159742,0.0014711936099309503,0.000418724115955921,0.00011246787958268894,0.000116940251284386,0.0002753187043807073,0.0012685111617553285,0.0010220457853056934,0.0015200061599472548,0.0017085188498972333,-0.2831857399501663,-0.6836708540583523,1680822920.209454
0.0006813628432122445,0.0019497882320809656,0.00167044591772786,0.0007018429932208096,0.00025953783995776145,6.410556869642814e-05,0.0012337487947421306,0.0014619057556471754,0.00041711036606176797,0.00010936009229647077,0.00011520083733071218,0.0002698680040356241,0.0012537709846363375,0.0009986625096202277,0.0015036618368756995,0.001690475623586408,-0.28701257427381727,-0.6929096493834651,1680822920.2174542
0.0006892922590542624,0.001959105867494206,0.0016801143173543489,0.000709793458718761,0.0002632870428803589,6.40864230885391e-05,0.001229172522365817,0.001462956897635347,0.0004161966201108866,0.00011103854983579124,0.00011676535500305255,0.0002742102545336742,0.0012596283620969493,0.0010102470885647815,0.0015099397713033557,0.0016965875339146326,-0.29083940859746815,-0.7021484447085781,1680822920.2224834
0.0006820376812078218,0.0019478462970021718,0.0016691782718122766,0.000702525270105838,0.0002610251287239758,6.408635250542637e-05,0.001231414548052363,0.0014639707693243783,0.000417379323388196,0.0001089011085375013,0.00011450203054791844,0.0002708120061377427,0.0012531770743634163,0.0010004870111198557,0.0015025581826127205,0.0016903364967449574,-0.29466624292111904,-0.7113872400336909,1680822920.2294586
0.0006821114824850811,0.001950784755729974,0.0016713463421395693,0.0007030351023816525,0.0002599691051636263,6.414901184691094e-05,0.0012295671446523014,0.00146186651097295,0.00041618813168904916,0.00010976524204361943,0.00011612303606686996,0.00027086492081461857,0.0012545110132357066,0.001000815955315103,0.0015046426719180098,0.0016917141290043857,-0.29849307724477,-0.7206260353588038,1680822920.2364547
0.0006949045298664591,0.001974838056457884,0.0016924450164801576,0.0007143076431372141,0.0002638443489543492,6.42413158361292e-05,0.0012350661354627267,0.0014750673640388744,0.00042066122298933806,0.00011202248433154306,0.00011636025063963148,0.0002744112694389597,0.0012715282045627934,0.0010190905838912427,0.0015231552422516291,0.0017138271421882482,-0.30231991156842086,-0.7298648306839166,1680822920.2435253
0.0006800889495598569,0.0019605487464638693,0.0016773757286446325,0.0007013591727900775,0.0002595645910402064,6.422551054419499e-05,0.00124051404107146,0.0014725555643630107,0.00042074309505429663,0.00010936062088622863,0.00011503267888440779,0.00027023741663875637,0.0012624555497629183,0.000998516238147383,0.001513051955479453,0.00170308101889677,-0.30614674589207175,-0.7391036260090296,1680822920.2504613
0.0006910395265579298,0.0019793651662775454,0.0016938859388915262,0.0007124316542719318,0.0002652450083365357,6.428493425364895e-05,0.0012415973261455408,0.0014813251987024986,0.0004223859620548193,0.00011162840494123245,0.00011674485622719871,0.0002763825210921298,0.0012763993273752676,0.0010148451185880542,0.0015271344557543482,0.0017196853064408945,-0.30997358021572263,-0.7483424213341424,1680822920.2574549
0.0006805445393537428,0.0019663420162797703,0.001680971274059294,0.0007018880380618714,0.0002616248929095882,6.422568674968494e-05,0.0012429678636053552,0.0014784970782368014,0.00042364929938270863,0.00010894718600602829,0.00011469784243126498,0.0002720301309380791,0.0012669539527675165,0.0009999763008032869,0.0015180610018866569,0.0017091164626559033,-0.3138004145393736,-0.7575812166592553,1680822920.2654536
0.0006822509788975819,0.0019606278894231575,0.0016768242870685017,0.0007032133971543471,0.0002614959741302727,6.42785976305838e-05,0.001233338868987804,0.0014685376513603912,0.0004192637287326687,0.00011012379813170797,0.00011621189179567535,0.0002728265962160553,0.0012626032247323074,0.001002091192381006,0.0015130453143444213,0.001702145225556414,-0.31762724886302446,-0.7668200119843681,1680822920.2704682
0.0006718523963105378,0.001931117396640341,0.0016517986658103872,0.000691199247298456,0.00025807869278309605,6.415008421002958e-05,0.0012241842419023097,0.0014563766197580393,0.0004176807866489357,0.00010684892444507842,0.0001124153856361657,0.0002675371541871255,0.0012440741530877525,0.0009865837943318116,0.0014912839215427476,0.0016793141844872151,-0.3214540831866753,-0.776058807309481,1680822920.2784553
0.000665442580304843,0.0019279354983418539,0.001647404809835495,0.0006859866327419436,0.00025564810700464606,6.422441738366897e-05,0.001228118325317168,0.001455926794711418,0.0004177420020295433,0.00010608088773397792,0.00011278661431931146,0.00026562908698910936,0.0012420885823165948,0.0009779651897153362,0.0014893855835696845,0.0016772235633538363,-0.32528091751032623,-0.7852976026345938,1680822920.2844598
0.0006796763531384527,0.00195642184398842,0.0016719940178552958,0.0007000164795175067,0.00026196539540868785,6.421869953055963e-05,0.0012359984761990074,0.0014734978351640066,0.00042129515314337637,0.00010892839137702348,0.00011450875344658131,0.000272154011477257,0.001263180475627333,0.0009991447148645241,0.0015113879093338342,0.0017034800258436981,-0.3291077518339771,-0.7945363979597067,1680822920.2913628
0.0006696181931879881,0.0019394686722705365,0.0016567258402349564,0.0006899631020429093,0.0002586249667331909,6.41711999780025e-05,0.0012324121900816293,0.0014656462791080402,0.000421575952921488,0.00010616468696683685,0.00011237628646498216,0.00026804972921949715,0.001250533184205288,0.0009847533823075557,0.0014987594792266142,0.0016885200282033507,-0.332934586157628,-0.8037751932848195,1680822920.2981145
0.0006711463385200975,0.001948814732143577,0.0016626917668929125,0.0006923098787773484,0.00026063430585289486,6.426322371031816e-05,0.001233947762927293,0.0014699815265752415,0.0004201803977144316,0.0001081716138185257,0.00011483621455165652,0.0002717612311744744,0.0012590031920134085,0.0009879207036136179,0.0015056873299369492,0.0016977260531716178,-0.33676142048127894,-0.8130139886099325,1680822920.305227
0.0006677023706843524,0.0019402860438784172,0.001654367018057539,0.0006881395698492058,0.00025963089611111154,6.422586136681655e-05,0.0012349075135759005,0.0014694906950015053,0.0004209614806112831,0.0001067740943643341,0.00011278195763785587,0.0002694870819849775,0.0012538502119357788,0.000982704250342321,0.0014998737496657562,0.0016923047356042018,-0.3405882548049298,-0.8222527839350453,1680822920.312758
0.0006626786371966327,0.001934889620027239,0.0016492768979589861,0.0006832844674181818,0.00025736130081150624,6.429191267898204e-05,0.0012318671867319608,0.001465488388295252,0.0004197837330335931,0.0001067156824642471,0.00011353647667838069,0.0002678327642066896,0.001251490414230513,0.0009761626717558361,0.0014962644467248407,0.001688953702311226,-0.3444150891285807,-0.8314915792601582,1680822920.3197825
0.0006760890966886784,0.001956119202517467,0.001668852239771494,0.000695508732064809,0.00026173196814997015,6.428543455752035e-05,0.001236134203784782,0.0014779060719531771,0.00042298972188027325,0.00010889951227052373,0.00011429673360157827,0.00027192672214452763,0.0012662890483023793,0.0009952877829453402,0.0015121699182302846,0.0017082097637875103,-0.3482419234522316,-0.8407303745852711,1680822920.3268661
0.0006600031554333461,0.0019414820265598474,0.001653106546966807,0.0006809459441699632,0.0002575260919731284,6.426322375566061e-05,0.001243897886485906,0.0014767795639894835,0.0004240838539813131,0.00010573666383494569,0.00011246064155620367,0.00026753192215349023,0.0012574679523030014,0.0009728093537842249,0.0015021642994895636,0.0016980450107935332,-0.35206875777588253,-0.849969169910384,1680822920.3331666
0.0006799618340733794,0.001967113731249507,0.0016773600080660631,0.0006990310836910989,0.0002636589744151446,6.42931833038989e-05,0.0012425871021326633,0.0014871019265353907,0.00042568768592599553,0.00010983918232108036,0.00011433311306964857,0.000273515665269458,0.001276681058436335,0.0010012479892274227,0.0015211958865777428,0.0017216252364302112,-0.3558955920995334,-0.8592079652354968,1680822920.3412514
0.0006688448716743826,0.001941348917819522,0.0016549163662508302,0.0006875934356416606,0.00026021993387835145,6.419404086376413e-05,0.0012355604058073228,0.0014740953454238652,0.00042365299901232003,0.00010698750661743504,0.00011199942224139926,0.00026894466668745385,0.0012588596631503692,0.0009848108433871993,0.0015022143465860185,0.0016994855267393738,-0.3597224264231843,-0.8684467605606097,1680822920.3468297
0.0006772529214208909,0.0019533002701031654,0.0016666878155297447,0.000696003903323197,0.0002630417442866796,6.424059590155055e-05,0.0012267110219330653,0.0014705416808535115,0.0004207280093436045,0.00010994140332176456,0.00011516090372006062,0.00027390313488854086,0.0012664833144681495,0.0009971736493456509,0.0015105779702892551,0.001706445031148054,-0.3635492607468352,-0.8776855558857226,1680822920.354808
0.0006862660388020485,0.001965531029848047,0.0016775961000709998,0.0007031157307646452,0.00026505475255028476,6.424770126526147e-05,0.001229701620684574,0.0014776816009838213,0.0004233145856207759,0.00011122660221563482,0.00011481230290808411,0.0002751443896816845,0.00127523692191097,0.0010096000807380922,0.0015203219571198361,0.0017186298802082515,-0.3673760950704861,-0.8869243512108353,1680822920.3608088
0.0006680440909965984,0.0019444760124091248,0.0016566780212417026,0.0006858411886276073,0.0002591216422046663,6.429256771372995e-05,0.001237199102720359,0.001473828614750458,0.0004236017527331295,0.00010768491651382331,0.00011313555197047453,0.0002687611265223308,0.001262779675239866,0.000984533128248129,0.0015056741213483537,0.0017042298752486707,-0.37120292939413696,-0.8961631465359482,1680822920.3688183
0.0006803981988855306,0.0019690643714501007,0.0016785146633169525,0.0006982214373529517,0.00026482934801175197,6.430847959546756e-05,0.0012448359659703928,0.001489307748177222,0.00042682245660957555,0.00011003945756600044,0.0001144368109404676,0.00027466494082614294,0.0012810104228058027,0.0010028004528308209,0.0015242301320079565,0.0017269081924123726,-0.37502976371778785,-0.905401941861061,1680822920.3747478
0.0006688827505313878,0.0019519663171372094,0.0016633415858183993,0.0006865914842351498,0.0002607967363084087,6.421233665276312e-05,0.001244104022865183,0.0014819433745761092,0.0004269942302100052,0.00010734284724372109,0.00011239521493805044,0.00027003639299058444,0.0012696348384363513,0.0009863096314220209,0.00151211219398404,0.0017139597801919312,-0.3788565980414388,-0.914640737186174,1680822920.382813
0.0006761452122845754,0.0019566875119159713,0.001668584084901897,0.0006934947803696024,0.000263494231719888,6.428574594631237e-05,0.0012367292224000743,0.0014784670473358703,0.00042406220523540366,0.0001095252545304494,0.00011412728092445576,0.0002735391151009238,0.0012730574587717413,0.0009967406177516988,0.0015150955821630976,0.0017165337606761823,-0.38268343236508967,-0.9238795325112868,1680822920.3898568
0.000671589311545736,0.0019441401432100764,0.0016572573895076586,0.0006878945588855328,0.0002612778925716533,6.424005196619804e-05,0.001234912073405562,0.0014741072056752868,0.0004239441804636193,0.00010798075420399737,0.00011208216795702916,0.00027022222205685096,0.0012650663527514676,0.0009895377857965025,0.001506045717165377,0.001707200419723165,-0.38651026668874056,-0.9331183278363997,1680822920.3954968
0.0006700274716250824,0.0019376801550443593,0.001651542106551546,0.0006863206233366833,0.0002593945613832688,6.43693187380707e-05,0.0012238430765978163,0.0014602680822047162,0.0004185748726045721,0.00010911865169144324,0.00011473410428369068,0.0002702692943394827,0.001259172691384651,0.0009868800200526391,0.0015003643923137133,0.0016974054375347744,-0.3903371010123915,-0.9423571231615127,1680822920.403533
0.0006810412731106115,0.001953163103679821,0.0016655224996101447,0.0006954299645596576,0.0002624760836408491,6.436510454322405e-05,0.0012270670690890167,0.0014691199859931303,0.000421292455722301,0.00011064246348879106,0.00011460797327067778,0.0002727425264455211,0.0012702566555018587,0.0010021928101761615,0.0015123017378466945,0.0017124973513973157,-0.3941639353360424,-0.9515959184866255,1680822920.4105206
0.0006657775124227198,0.00193812174429015,0.001649537846516009,0.0006807021948798265,0.0002576384705440288,6.428574603131187e-05,0.0012331857355173984,0.0014671834450590696,0.0004212394281018541,0.00010800876257171609,0.00011356422691656815,0.0002681187825624603,0.001260993089965298,0.0009810126425000502,0.0015018525546408549,0.0017018267929635679,-0.39799076965969327,-0.9608347138117384,1680822920.417408
0.0006747715589392856,0.0019502347037140674,0.0016615664788494047,0.0006895197368216276,0.0002618148454932858,6.432486725425318e-05,0.0012298393675679563,0.0014703256009889417,0.00042084706369056716,0.00011005655063826294,0.00011502654683518035,0.0002728181900960194,0.0012693219495706622,0.0009941536103827012,0.0015103860940239898,0.0017109120083368776,-0.40181760398334415,-0.9700735091368512,1680822920.4232666
0.0006682190735433985,0.0019388836252034417,0.0016520534783821313,0.0006831595314010862,0.0002594220457311477,6.427062746406423e-05,0.0012309516828491191,0.0014681703387584434,0.0004223456085358936,0.00010759647909708292,0.00011307513966061345,0.00026935027082489784,0.00126192833113813,0.000984559968758601,0.0015025822580615308,0.0017030272479871393,-0.4056444383069951,-0.9793123044619642,1680822920.4306345
0.0006685211403670283,0.0019408870386325274,0.001653362681766642,0.000683110420812855,0.00025837641101296476,6.430912619959729e-05,0.0012272210106879183,0.0014658517786453255,0.00042018203069216854,0.00010888791326264947,0.0001145415454841116,0.0002695842245083484,0.0012633002173055546,0.0009849945597027597,0.0015040118919473788,0.0017040770781504544,-0.409471272630646,-0.988551099787077,1680822920.4376512
0.0006757982272030701,0.0019513571664715092,0.0016630163125178302,0.0006883280874178612,0.00026005331246841247,6.428523182083022e-05,0.0012291221825480078,0.0014698891909517638,0.0004230295452664377,0.00010944555295585208,0.00011435332514813882,0.00027045573912311,0.0012701083253354576,0.0009946494493985097,0.0015117189708166421,0.0017131357597045239,-0.41329810695429686,-0.9977898951121899,1680822920.444649
0.0006661194623101185,0.001937893190992473,0.0016502734989674495,0.0006797924877381845,0.00025658193498144256,6.433158902426352e-05,0.001227792184503969,0.0014625808334443693,0.00042106844415873673,0.00010795613997961439,0.00011443563381904591,0.0002675811259180873,0.0012611391737327744,0.000981115598388503,0.001501647704387042,0.001701289080736508,-0.41712494127794775,-1.0070286904373027,1680822920.452105
0.0006793295131528064,0.001967275503811214,0.0016761443503814242,0.0006930733988429426,0.00026280687682743995,6.430231344311412e-05,0.0012390840743137232,0.0014818770996305015,0.00042550541338929454,0.00011044362169084136,0.00011580670678366917,0.00027388485680430877,0.0012820903975403746,0.0010007003510677274,0.001523835820896975,0.0017280161873431809,-0.4209517756015987,-1.0162674857624157,1680822920.4580958
0.0006681307064877467,0.0019350764423736904,0.0016494744401940294,0.0006815890496360727,0.0002589438589548708,6.413765203297385e-05,0.0012266593655719286,0.0014626900604437013,0.00042202471816579773,0.00010695025583055243,0.00011319191242458553,0.00026862027617614235,0.0012592267836304205,0.000984091552750058,0.001499393960714759,0.0016989866699061856,-0.4247786099252496,-1.0255062810875284,1680822920.466012
0.0006740498171569039,0.0019378855934478528,0.0016538740628395927,0.0006873430363031459,0.00026121557189566133,6.418726259580236e-05,0.0012181830846924938,0.0014576585449262022,0.000419154220909186,0.00010869296424186464,0.00011496736276131177,0.00027166024560584335,0.001260463118681338,0.0009925553655488217,0.0015008273234296203,0.0016987595723472692,-0.42860544424890046,-1.0347450764126414,1680822920.472233
0.000668798644330313,0.001924251691151827,0.0016432208673877891,0.0006824856858105775,0.0002597829842306136,6.414611547834511e-05,0.0012176270623468577,0.001452883159951722,0.0004189039983338964,0.00010698582582180422,0.00011331699645941331,0.000268910119410994,0.0012520569260709687,0.000985020546089725,0.0014907677179967955,0.0016888272674601128,-0.4324322785725514,-1.0439838717377543,1680822920.4802964
0.0006675267324349547,0.0019225664456664555,0.001640941888334939,0.0006811226081081938,0.00025742826437317063,6.418815000785382e-05,0.0012155358711979545,0.001447949524907327,0.0004169827403735904,0.00010749826049528293,0.00011447262088962834,0.0002675256992967882,0.0012506028706969407,0.0009830546537935156,0.001489585482958718,0.0016869471549984937,-0.4362591128962023,-1.053222667062867,1680822920.4857373
0.000674159542286528,0.001946416583713463,0.001661322236866391,0.0006879407609664392,0.000260767191452483,6.41526793423584e-05,0.0012292110229142354,0.001466380639598827,0.00042286233188764977,0.00010827468953869215,0.00011468627147207054,0.0002705098508139925,0.0012663613563066464,0.0009927783716445922,0.0015077758793509979,0.0017080973210077909,-0.44008594721985317,-1.06246146238798,1680822920.493793
0.0006592815683268542,0.0019303292959682709,0.0016448050761147966,0.0006745668189317789,0.00025663609344219195,6.416470712381097e-05,0.0012350285160434979,0.0014636707001930405,0.00042339461419020017,0.00010525376467338867,0.00011293049053534251,0.0002662452650115655,0.0012564293813804336,0.0009720039941970634,0.0014963555158786068,0.0016961701919540847,-0.443912781543504,-1.0717002577130927,1680822920.4997654
0.0006802711106336739,0.0019510371510683547,0.0016675309017830412,0.0006949048871852361,0.00026360745909501836,6.414210692956939e-05,0.0012257604328416727,0.0014660991896577461,0.0004215154531478052,0.0001094968400334508,0.00011528195365772383,0.00027341080753498856,0.0012692485367532696,0.0010016442234980973,0.001510570474962663,0.0017108694017248678,-0.4477396158671549,-1.0809390530382055,1680822920.508143
0.0006711334922007995,0.0019278308170415546,0.0016483516783927805,0.0006856842088270235,0.00026058810468956563,6.408756128959156e-05,0.0012178686003394773,0.0014522024689390357,0.00041987014216242965,0.00010674428996411452,0.00011341214711454558,0.00026946638453718524,0.0012526571068133463,0.000988328858185223,0.0014930440116707594,0.0016900422704106226,-0.45156645019080577,-1.0901778483633184,1680822920.5140643
0.0006709397378647271,0.001925882806421547,0.001646594245319417,0.0006852405683613044,0.00025930059971340455,6.414254174911812e-05,0.0012130136019689037,0.0014471746094541402,0.0004168360111348598,0.00010769369946811253,0.00011473851633530706,0.0002692870451459547,0.001250930410500941,0.0009879188412939067,0.0014913744271202653,0.0016871509852266378,-0.4553932845144567,-1.0994166436884314,1680822920.5204635
0.0006704502932580954,0.00193109518037489,0.0016513007454023992,0.0006845280479628606,0.0002582926769156328,6.411650417444081e-05,0.0012214854245638843,0.0014558627908258812,0.0004189140577680469,0.000107552869152139,0.00011367841481331521,0.0002677340897422529,0.0012552382866765396,0.0009869319959539742,0.001495836566662497,0.0016944363400539489,-0.4592201188381076,-1.1086554390135441,1680822920.5286176
0.0006641966244596958,0.0019240952042010905,0.0016437959305653001,0.0006792969744682023,0.0002555971674751099,6.419534017107812e-05,0.0012230000473117853,0.0014515116214995284,0.00041785426638242496,0.00010678858354245856,0.00011403705146258205,0.0002655760704878467,0.0012505457357692776,0.000978196388534787,0.001490861529368736,0.0016887123082780706,-0.4630469531617585,-1.117894234338657,1680822920.5346465
0.0006753419207793698,0.0019477687410131847,0.001665130687674251,0.0006909122398398135,0.0002613546275336027,6.408304659862977e-05,0.0012352277457834322,0.0014682645113405152,0.00042377692408064203,0.00010752829015469003,0.00011408974416934347,0.00027038601397116424,0.001266548556694386,0.0009946460584022252,0.0015087893777892159,0.0017091615112735993,-0.46687378748540936,-1.1271330296637698,1680822920.5416672
0.000663719580711476,0.0019270739988705783,0.0016469624154212402,0.000679211053945046,0.0002571925979743579,6.400710231540747e-05,0.0012304622240836417,0.0014583793520747473,0.0004231283148948168,0.00010455191986001528,0.00011190183076323504,0.000265481623873184,0.001251596128437978,0.0009774762316871915,0.0014934680008216077,0.001691015325355552,-0.4707006218090603,-1.1363718249888828,1680822920.5486202
0.0006704424481919583,0.0019326271799316062,0.0016528441565284353,0.000686366935033894,0.0002592619438509566,6.407727704316601e-05,0.0012261780099036227,0.0014552124338972885,0.000420187767739814,0.00010645827908909403,0.00011415647633820451,0.0002685964758100041,0.0012543154810292325,0.000986946261311535,0.0014966339477792997,0.0016923392659346401,-0.4745274561327112,-1.1456106203139957,1680822920.55556
0.0006670230551255946,0.0019223082538975572,0.001644269891306776,0.0006823047884809144,0.0002578369684589673,6.404798817316753e-05,0.0012260516015110922,0.0014531483007264783,0.0004204782719027303,0.00010497351593293776,0.00011218390972824106,0.0002659159946450053,0.0012474060532526436,0.00098167455363752,0.0014889850382452708,0.0016844728432948597,-0.4783542904563621,-1.1548494156391085,1680822920.5626192
0.0006676963718804672,0.0019271302509248326,0.0016483222044171104,0.0006837179603989914,0.0002572076580742025,6.413057040227706e-05,0.0012255114680731513,0.0014532774287408547,0.00041975234508011896,0.00010586481885695254,0.00011411880945038028,0.0002662649415343584,0.0012501407860507601,0.0009831904775128683,0.0014926165408901356,0.0016875139285605096,-0.482181124780013,-1.1640882109642214,1680822920.5695713
0.0006824388916503392,0.0019503964349388767,0.0016702651376393238,0.000697332122765914,0.0002619792352468816,6.41337836986646e-05,0.0012300620605360541,0.001466115194489787,0.000423056072435067,0.00010831094419631128,0.00011491238999884936,0.00027069741075879544,0.001265955046042583,0.001004013889865246,0.001509881187403325,0.0017079093778619785,-0.4860079591036639,-1.1733270062893344,1680822920.5767872
0.0006667505900369425,0.0019371355137791353,0.0016561371177979426,0.000683342757758492,0.0002578699343330811,6.404325191966488e-05,0.0012379155197292668,0.0014663720641858301,0.0004246007905313293,0.00010503659069113015,0.00011303413967221488,0.0002663702786491778,0.0012577915497420508,0.0009821274666237537,0.0015008605154944146,0.0016987173969832917,-0.4898347934273148,-1.1825658016144471,1680822920.5829487
0.0006708902496403503,0.0019334473742861104,0.001654488598323867,0.0006880691607140476,0.00025852219338357366,6.401092022741816e-05,0.001225372039601793,0.001456259560420146,0.00042012268139722764,0.00010645729998868018,0.00011468685013616198,0.0002680206848204514,0.0012543572741134036,0.0009877316896548867,0.001497206956596329,0.0016922005739053076,-0.49366162775096567,-1.19180459693956,1680822920.5909965
0.0006604036108449592,0.0019088613814295175,0.0016326741971812372,0.0006775353952335532,0.0002548447991586718,6.392058822664574e-05,0.0012192271588767727,0.0014439809291065602,0.00041825155851635883,0.00010346835985580122,0.00011230074491057649,0.0002632355671519009,0.001236518836234096,0.0009721107038380526,0.0014786861134382704,0.0016701280843913148,-0.4974884620746166,-1.201043392264673,1680822920.5968375
0.000665337112381474,0.001923025601818195,0.001644698362882551,0.0006829654830913012,0.0002558497940076055,6.402847235496092e-05,0.0012199888849897006,0.0014493411009227168,0.00041810709908158097,0.00010570420106401574,0.00011463942896116932,0.0002655846466574765,0.0012459876107609137,0.0009795006479877996,0.0014897256941004888,0.0016812829183448866,-0.5013152963982674,-1.2102821875897858,1680822920.6048295
0.0006744470618291139,0.0019350999090966925,0.0016564298421827674,0.000690912627300469,0.0002581918329328395,6.399168912348656e-05,0.001223075474857543,0.0014562483957838445,0.0004203885901219784,0.00010698469201758679,0.00011458766381428873,0.0002671298529993021,0.0012546036731069514,0.0009922256879438469,0.0014989246047878862,0.0016931549166208282,-0.5051421307219184,-1.2195209829148987,1680822920.6107428
0.0006708120328683477,0.0019362139805341669,0.0016566024909375353,0.0006894483674684658,0.00025856714389045995,6.392344129245043e-05,0.0012289639827648136,0.0014614121851264962,0.00042086502442794754,0.00010665479290482522,0.00011512719617775443,0.00026783729978062143,0.0012565528445034504,0.0009879325769361457,0.001500457632169625,0.001695234289619638,-0.5089689650455693,-1.2287597782400115,1680822920.6180892
0.0006851360277537565,0.0019626003610490727,0.0016812999422604997,0.0007040715450912233,0.0002646316818732029,6.398083199345951e-05,0.001234891877481725,0.001475848434567455,0.0004236564489392311,0.00010943828691446656,0.00011674994474379196,0.0002740727291653768,0.0012749151915493868,0.001008924984465804,0.0015200389400660613,0.001717743752441646,-0.5127957993692202,-1.2379985735651244,1680822920.6251001
0.0006728535206978145,0.0019418765071149249,0.001662551075521621,0.0006931279099863416,0.00025991473177372406,6.39924106665713e-05,0.0012295940790022697,0.0014653478848114263,0.00042243188752210515,0.00010645151898616302,0.00011465642383376864,0.00026895403577404325,0.0012603203873028563,0.0009913078050376167,0.0015050329868327005,0.001699747623214636,-0.5166226336928711,-1.2472373688902374,1680822920.6320999
0.000679060696593554,0.0019471983957249184,0.0016682141733738564,0.0006995142872386958,0.0002621681876011932,6.405861212150962e-05,0.0012246387925171013,0.0014627006899768232,0.0004197267596528079,0.00010851239518484483,0.00011653014063913704,0.00027214869146733554,0.0012638029807944032,0.0010001873620776335,0.0015082760464937746,0.0017024904172326645,-0.520449468016522,-1.2564761642153501,1680822920.6396322
0.0006755359457321054,0.0019359919870884836,0.0016582797283068802,0.0006952594531233807,0.0002602036654877241,6.396686427975617e-05,0.0012230679695738181,0.0014587907747771443,0.00041957490131080613,0.00010707937765975428,0.00011473793073187197,0.00026909445216350504,0.0012561978423703303,0.0009944499949345574,0.0014999925480621854,0.001693608902288246,-0.5242763023401729,-1.265714959540463,1680822920.6454446
0.000673592699400768,0.001934795980438887,0.0016567824776561836,0.0006945383064518618,0.0002586144320387269,6.400797272396978e-05,0.0012193271057219484,0.0014541956710264823,0.000417373123663646,0.00010752829018762734,0.00011622934949037215,0.0002686818372954999,0.0012537784960505488,0.0009920635197610192,0.0014986994553492095,0.0016892143855593276,-0.5281031366638238,-1.274953754865576,1680822920.6534462
0.0006881417246846083,0.001959935616641727,0.0016802206813596198,0.0007086410752569131,0.0002634714941611203,6.400833367829015e-05,0.001226639732906803,0.0014700289644556856,0.0004212794187534559,0.00011001215217076011,0.00011692508197733368,0.0002731341502837381,0.0012712918556937543,0.001013234853425834,0.0015176702588955383,0.001712074230930774,-0.5319299709874747,-1.2841925501906888,1680822920.659403
0.0006682425953696028,0.0019362801222397056,0.0016558734022758224,0.0006904353152353079,0.0002563883555813556,6.395651304377349e-05,0.0012367092297526224,0.0014662676824627851,0.00042188806540159683,0.00010601241240547923,0.00011421327514591956,0.0002652902735870942,0.0012571274042949714,0.0009847535772513022,0.001502036013365362,0.0016957823242550645,-0.5357568053111256,-1.2934313455158017,1680822920.6674645
0.0006782998308540513,0.0019504488796165133,0.001669890374172627,0.0007007619293878812,0.0002608441256404497,6.397043585463941e-05,0.001234439474025417,0.0014705317412633215,0.00042172740716249425,0.00010816641795755059,0.00011586899498635371,0.0002702809108589072,0.0012665936033427498,0.0009994883237119789,0.0015120025460715564,0.001706383776920936,-0.5395836396347764,-1.3026701408409145,1680822920.6734104
0.0006733269543709345,0.0019408287633656952,0.001661709770677988,0.0006966783329537495,0.00025923351321876766,6.39527386840527e-05,0.001234445985960264,0.0014663784526480791,0.0004228592341252316,0.00010630870257056118,0.0001141141560336191,0.000267905438974768,0.0012598263457680894,0.0009921664122987167,0.0015054634932531892,0.001698238718810817,-0.5434104739584273,-1.3119089361660272,1680822920.6811826
0.0006726266909953189,0.0019385676518472697,0.0016595049894723491,0.0006960612479292597,0.0002578543309893122,6.399607888703056e-05,0.0012298467220361725,0.001462055122005666,0.0004199074815851019,0.00010720679019931853,0.00011543634055369463,0.0002675606015917519,0.0012578078995172414,0.0009910338971709136,0.0015035516551702981,0.0016948423404297987,-0.5472373082820782,-1.3211477314911402,1680822920.6871598
0.0006807758069503075,0.0019416362264630515,0.0016626800566569826,0.0007023665053222587,0.00025917561753311725,6.400878809229681e-05,0.0012243379972941887,0.001457953710412281,0.00041797266103550836,0.00010897850646781731,0.00011618267431785833,0.00026895322441934975,0.00125877406738695,0.0010015903234287435,0.0015052278928978963,0.0016956331302536533,-0.5510641426057291,-1.330386526816253,1680822920.6944606
0.0006719504496927819,0.0019313587595889815,0.0016525906441717392,0.000695166670982043,0.000256223206233037,6.400677443814284e-05,0.0012240032205047843,0.0014532087121218685,0.00041611191758934846,0.00010784455193148682,0.00011657891844604503,0.00026657924082586497,0.0012514055979814666,0.000989299143770843,0.001497634817955357,0.001685785763312995,-0.55489097692938,-1.3396253221413659,1680822920.702456
0.0006845272159610551,0.0019570629032628004,0.0016753267539954036,0.000708025876911161,0.00026172165765120847,6.403868976932759e-05,0.0012333428889112574,0.001469823802998065,0.00041970853537010505,0.0001103314394920043,0.00011772558019259463,0.00027215862562214566,0.001270437475638124,0.001007778973705051,0.0015171927713210432,0.0017096495053262615,-0.5587178112530309,-1.3488641174664788,1680822920.7080624
0.0006708126326310694,0.0019413606567409293,0.0016603469920801533,0.0006948330630205349,0.00025637447876060556,6.404702511214676e-05,0.0012369701424033545,0.0014672069269445296,0.00042069300794113265,0.0001073538783772574,0.0001154650589391644,0.0002660885148541347,0.001259298252338015,0.0009884086405515904,0.0015066296583588605,0.0016976077267658533,-0.5625446455766818,-1.3581029127915916,1680822920.715966
0.0006763819351753768,0.0019412324588078424,0.0016616107697921905,0.0007001777332718515,0.00025795012676057606,6.410218239734105e-05,0.001226768072168101,0.0014594883578390478,0.00041676004411620853,0.00010914012051403234,0.00011729188613495778,0.00026862487835183546,0.0012585699273645907,0.0009962793546317585,0.0015056459194760885,0.0016946396054796046,-0.5663714799003327,-1.3673417081167045,1680822920.7219048
0.0006717796735871558,0.001935216786883736,0.00165634396372747,0.0006959485564310717,0.00025688300408452554,6.404901314767656e-05,0.0012305225507693598,0.0014620695880349277,0.00041856041223676084,0.00010741561013830881,0.00011521583471754827,0.00026626395889492747,0.0012549573450855703,0.000989513303313455,0.0015016542581079925,0.0016912233739213693,-0.5701983142239836,-1.3765805034418175,1680822920.7299669
0.0006711177104314341,0.0019377488629148808,0.001657649345270974,0.0006953341606579974,0.00025513867168157947,6.413408975135073e-05,0.0012291367028589063,0.0014600741123669421,0.00041716403475231185,0.00010838152301151607,0.00011672206784302555,0.00026566690329582986,0.0012562244835053141,0.0009887117282682165,0.0015036910668914277,0.0016921509396281963,-0.5740251485476345,-1.3858192987669302,1680822920.7359128
0.0006869081396075671,0.0019634167225852004,0.0016806877714192192,0.0007094659930327328,0.0002600615826844949,6.408796059324893e-05,0.0012346279761025222,0.0014724749259833268,0.0004212965512336227,0.00011103662793991796,0.00011764551510757635,0.0002703948184313793,0.0012731201845176863,0.001010590314407719,0.0015232355706804024,0.001714082732851032,-0.5778519828712854,-1.3950580940920432,1680822920.743863
0.0006722655611746369,0.0019510660615081666,0.0016671264804342834,0.0006963228845501495,0.00025617247419884294,6.407509971695213e-05,0.0012431999059620187,0.0014733886622349526,0.0004225118848300055,0.0001080961613140852,0.00011606510097525465,0.00026630860693586353,0.0012655565827983074,0.0009901728711857224,0.0015148437093543887,0.0017054962824480098,-0.5816788171949363,-1.4042968894171561,1680822920.750336
0.0006845193851882831,0.001967752940344209,0.0016837762445604937,0.0007089045966772338,0.0002614048068380212,6.411090699753999e-05,0.0012422966042414901,0.0014788447396955732,0.00042255608388297076,0.00011064734624588682,0.00011790053059417467,0.0002719001676819031,0.0012770466136995356,0.001007953435272248,0.0015269986378135887,0.0017186205397590804,-0.5855056515185872,-1.4135356847422689,1680822920.7579343
0.0006755110974757182,0.0019488345410621172,0.0016676530706189263,0.0006999983762303008,0.0002582634352366704,6.403904985216836e-05,0.0012375976023746304,0.0014686313605928919,0.0004220375146471354,0.00010802946915191569,0.00011583819704102034,0.0002678506130197029,0.0012634224486112353,0.000994802178582515,0.0015131299063336143,0.0017021310301008144,-0.5893324858422381,-1.4227744800673818,1680822920.7648726
0.0006662270654849387,0.0019226679969154825,0.0016454306306524235,0.0006898438016636729,0.0002541099318338266,6.40003288605261e-05,0.001223374608866834,0.0014506619439006582,0.00041626503319310937,0.00010655280755765323,0.00011498735475160257,0.00026380053547954543,0.0012444938380042458,0.0009806860072702958,0.0014930756713392218,0.001677920064919776,-0.593159320165889,-1.4320132753924946,1680822920.7716358
0.0006631464541688934,0.0019141119231391094,0.0016380604759203962,0.0006864570305795513,0.0002535214494171343,6.391462620569037e-05,0.0012247069955955733,0.0014501435949431703,0.0004169152434560644,0.00010504915273147488,0.0001128850213205006,0.0002619256864789495,0.0012392268450486306,0.0009757400531991563,0.0014870040098012953,0.0016720563209517269,-0.59698615448954,-1.4412520707176075,1680822920.7794194
0.0006605840304497696,0.0019181019785284425,0.0016397987778071508,0.0006843722904948769,0.00025169762661438223,6.394501224569054e-05,0.0012293290815865775,0.0014523954206737656,0.0004176333430268202,0.00010525819420313228,0.00011371020422278371,0.00026082486887892757,0.00124178590081793,0.0009721752923486865,0.0014905342472765048,0.001675655787271199,-0.6008129888131908,-1.4504908660427205,1680822920.7844877
0.0006795611746034664,0.0019508446340486718,0.0016695361293651055,0.0007028453866242608,0.0002586744207239335,6.401663238986742e-05,0.0012363945340523991,0.001469953988254379,0.0004213874099557574,0.00010912044935149995,0.00011544215608833034,0.0002678356682138677,0.001263474756586241,0.0009991959897719383,0.0015152520888160473,0.0017029231110078653,-0.6046398231368417,-1.4597296613678332,1680822920.7925591
0.000666405029962143,0.0019287479049831433,0.0016494713045512915,0.0006902084976798349,0.00025501303643391665,6.396414674979664e-05,0.0012331867234602074,0.001459864124565842,0.00042072473242297273,0.00010584260411175291,0.00011325818031916301,0.0002634715509356151,0.0012485470128482763,0.0009802212175350667,0.0014990815622276733,0.0016843406178372734,-0.6084666574604926,-1.4689684566929462,1680822920.798334
0.0006700855455324992,0.0019397193780556175,0.001659187942053654,0.000695101783565459,0.00025787250519620337,6.405288143265828e-05,0.0012358920394220296,0.0014645196994110673,0.0004186538701570759,0.00010797817392650968,0.00011595667686781269,0.0002679689412233535,0.0012571293655420659,0.0009863244347338292,0.001506740493271333,0.0016928789846164236,-0.6122934917841435,-1.4782072520180591,1680822920.8063543
0.0006655502972566759,0.0019272391090389858,0.0016487776140302441,0.0006901197730480077,0.00025595444258743916,6.40091598967935e-05,0.0012347281725301718,0.0014606582380555094,0.00041839842299713233,0.0001064079435245942,0.00011387293789031773,0.00026489898828796954,0.0012489931128949285,0.000979468672998929,0.0014975498126067429,0.0016835021675761222,-0.6161203261077944,-1.4874460473431719,1680822920.8128822
0.000662739710929037,0.0019229112439025065,0.0016447062572784374,0.0006876741321516644,0.0002543080200073322,6.403988751900203e-05,0.0012318438679941443,0.0014538473681378926,0.00041663029613031165,0.00010627926964401425,0.00011486691012031864,0.00026414202400012213,0.001245467381072599,0.0009753313056188594,0.0014940046784729342,0.0016788406880781043,-0.6199471604314453,-1.4966848426682848,1680822920.8208864
0.000668807200926433,0.001929685918875021,0.0016514231957684843,0.0006923728703764016,0.0002558227988492206,6.403956992288062e-05,0.001233689881264328,0.0014580893036547208,0.0004184341034341512,0.0001067723779641417,0.00011395912259678053,0.00026486587370920056,0.001250150808338621,0.0009833615184912843,0.0014990254241296615,0.0016855005941212118,-0.6237739947550962,-1.5059236379933976,1680822920.8279686
0.0006586597009821407,0.0019240240237156322,0.001644064910367254,0.0006838128508699598,0.00025298084616715076,6.408684507808659e-05,0.0012411237671726787,0.0014598794602885968,0.00041935971388324246,0.00010516776346190098,0.00011349590808168747,0.0002623749349255281,0.0012468829167285164,0.0009694391075129396,0.0014954006113110235,0.0016818943213116233,-0.6276008290787471,-1.5151624333185105,1680822920.8340776
0.0006686236313333659,0.00193477050491572,0.0016548586993041564,0.0006930451258600634,0.00025708957517492066,6.406515228458931e-05,0.0012355118266800652,0.0014602056938266084,0.00041860594555733876,0.00010720074155184717,0.00011480082029780725,0.00026688311635299634,0.0012538004356388664,0.000983733509151721,0.001502402273799152,0.0016893891751503058,-0.631427663402398,-1.5244012286436235,1680822920.8408847
0.0006600135507334712,0.001914877715650672,0.001637343769065517,0.000684335292359773,0.00025459577197366076,6.399105022223119e-05,0.001232606431679896,0.0014512526001175608,0.000418164578408965,0.00010452980459376703,0.00011249844327347306,0.0002631692440905574,0.001239871955344557,0.0009709719521068858,0.0014878297118326265,0.0016724919697245402,-0.6352544977260489,-1.5336400239687362,1680822920.847324
0.0006644686199264111,0.0019204794611916993,0.0016436230153625989,0.0006877039295452665,0.0002546557748086582,6.411021615984658e-05,0.001226961263447201,0.0014495364273809622,0.00041612259001896966,0.00010634762157903575,0.000113990718053219,0.00026441183780550595,0.0012429250620864458,0.000977638902958607,0.0014917373998355134,0.0016758347713184034,-0.6390813320496997,-1.542878819293849,1680822920.855342
0.0006701800401936183,0.001926061667929054,0.001649572533197645,0.0006920055698417914,0.00025577212448197717,6.407597667680367e-05,0.0012282589494660068,0.0014528356968638795,0.00041771095550488063,0.00010695557613610879,0.0001132320995409378,0.000264610192473626,0.0012470360926682632,0.0009852645755128117,0.0014961721766145796,0.001682011226955558,-0.6429081663733506,-1.552117614618962,1680822920.8613412
0.0006706410271888331,0.0019383724745932846,0.0016592969704320385,0.0006944389619815884,0.0002568621596040608,6.408716021246515e-05,0.001241116518923932,0.001465362890855917,0.0004206746931952,0.00010739147734362283,0.00011383980637576945,0.00026569468708591504,0.0012564340530595627,0.0009872474459051228,0.0015063783793179126,0.0016948104680367367,-0.6467350006970015,-1.5613564099440747,1680822920.8688023
0.0006828872650147757,0.001961461399742533,0.0016803248982837067,0.0007067823241238795,0.00026241570646279923,6.411237121374399e-05,0.0012473325770317703,0.0014790196005111805,0.00042330758843414054,0.00010980563619066,0.00011512319031386192,0.00027143669647348317,0.0012734149971752424,0.0010052065557265707,0.0015237624925739425,0.0017155640707204637,-0.6505618350206525,-1.5705952052691876,1680822920.874768
0.0006717687771741696,0.001948273365404399,0.001668146790627682,0.0006955476248253225,0.0002588630242709925,6.415417988239935e-05,0.0012470700180590823,0.0014739904402217916,0.0004240427730394201,0.00010725561230680398,0.0001129477040852044,0.00026737572260452703,0.0012636665042076427,0.0009893701357938317,0.0015141331452831028,0.0017045238435455519,-0.6543886693443033,-1.5798340005943006,1680822920.882795
0.0006761238395155974,0.001947205546491395,0.001668415258805104,0.0006994902477366173,0.00026016144149284523,6.417355420295322e-05,0.001237874081329379,0.0014663970948181804,0.0004203039018013738,0.00010885891314776314,0.00011465007425222,0.000269599170625825,0.0012621820191804735,0.000995377560261553,0.0015123004626433993,0.001701077413133325,-0.6582155036679542,-1.5890727959194133,1680822920.8887901
0.0006731356573421959,0.001938861783464296,0.001660728836112879,0.0006953900406249218,0.00025986261001096684,6.406150066952593e-05,0.0012387600881911852,0.001465806670240564,0.0004211618619564078,0.0001073887469023566,0.00011292892709319238,0.00026805401170596545,0.0012571168922788209,0.0009907559224343317,0.00150677807466264,0.0016952667156794527,-0.6620423379916052,-1.5983115912445263,1680822920.8967748
0.0006755036257789809,0.0019451132560450702,0.0016663229667470702,0.0006976968553550081,0.0002599895746957267,6.409135703295253e-05,0.0012366934317892735,0.0014651790828888488,0.00041982566380981953,0.00010886638559747743,0.00011476216135221431,0.0002694048865081175,0.0012607099426410313,0.0009942865795130992,0.0015110675061509409,0.0016992466593528874,-0.665869172315256,-1.607550386569639,1680822920.9047737
0.0006877018010801189,0.0019656157908411035,0.001686106323745662,0.0007092626817525463,0.0002637635677482633,6.40570696651167e-05,0.0012426687609568196,0.0014784309095409855,0.00042318470382350366,0.00011090382334126827,0.00011556717098035702,0.00027282724370020857,0.0012754828131731108,0.0010121102328911249,0.0015270903943936764,0.0017186218094387396,-0.6696960066389069,-1.616789181894752,1680822920.909773
0.000673239086967004,0.0019405113240214564,0.00166316792215879,0.000695381635586677,0.0002587636057079913,6.400289824644763e-05,0.0012363009540363405,0.0014631114577841548,0.0004195183588598815,0.0001083623744519897,0.00011465481393220973,0.0002680237598129738,0.001258577382778804,0.0009911263469819932,0.0015084452927567327,0.0016968986787904644,-0.6735228409625579,-1.626027977219865,1680822920.919773
0.0006817736955755843,0.00195683787614195,0.0016781492018967926,0.0007039702740437964,0.00026293358611788564,6.400556467612985e-05,0.0012404393588345763,0.0014725447861249723,0.0004214318570433843,0.00010993709851635565,0.0001154388780248438,0.0002724821332661869,0.0012703884444791147,0.0010036581808015158,0.0015204618082192748,0.001711349343173866,-0.6773496752862087,-1.6352667725449777,1680822920.9237752
0.0006712397383425462,0.0019379359695667181,0.0016601011862721988,0.0006931840008220806,0.00025817083799148236,6.39596763471987e-05,0.0012378074146959352,0.0014631507046073038,0.0004196729087428554,0.00010782599067184609,0.00011417087230811921,0.00026758081200248365,0.0012577230904952461,0.0009880470674052718,0.0015068245223534378,0.0016957865286414435,-0.6811765096098596,-1.6445055678700906,1680822920.9307766
0.0006719408593945835,0.0019413766682105018,0.001662910356975815,0.00069352259213355,0.00025710644749075246,6.401841154521598e-05,0.00123416755920213,0.0014612768539044346,0.0004177109554380617,0.00010915567675759858,0.00011584976136278091,0.0002678246370042611,0.0012593526224929433,0.000989148722589475,0.0015091529536914007,0.0016971534791401783,-0.6850033439335105,-1.6537443631952036,1680822920.9377735
0.0006806399746549949,0.0019551718839079823,0.001674409092194482,0.0007005938524015864,0.00025938573767245014,6.395511247909237e-05,0.0012397593603170984,0.0014702780023729924,0.00042148898744648306,0.00011023783939865645,0.00011565179454879963,0.00026954607810528023,0.0012692940340530102,0.0010013031915659086,0.0015205661731014096,0.0017108102545334695,-0.6888301782571614,-1.6629831585203163,1680822920.9448173
0.0006709644025458927,0.0019435817939407244,0.0016631763789844462,0.0006922306562365257,0.0002562381831080206,6.399672938167599e-05,0.0012393589055865002,0.0014650111484579137,0.00041984291081104526,0.00010882870460095524,0.0001158108568187392,0.0002668522767174082,0.0012612419036777196,0.000988085137544904,0.0015119446190631335,0.0017005084466945113,-0.6926570125808124,-1.6722219538454293,1680822920.9528782
0.0006819934642021729,0.0019653861740135275,0.0016829165549806136,0.0007033781433483013,0.00026144369495381117,6.401365788812292e-05,0.001245848654330914,0.0014783739022721297,0.0004226554802948405,0.0001108930568216679,0.00011683584380444231,0.00027225302068135205,0.001277387546960623,0.001004346840904343,0.0015282480891576958,0.0017200160960685017,-0.6964838469044632,-1.6814607491705422,1680822920.9578507
0.0006736362976699146,0.00194878961289568,0.0016694730525044954,0.0006959220747768261,0.00025949961363146005,6.393895981074503e-05,0.001242358453336813,0.0014739713677038816,0.0004233708363455345,0.00010796516484273057,0.00011403774330893536,0.00026899907605334317,0.0012663539853824534,0.000992896287711945,0.0015170468876088666,0.0017071024193387946,-0.7003106812281141,-1.690699544495655,1680822920.9657753
0.0006767569214545956,0.0019465542491848024,0.0016682899477200837,0.0006986352131988033,0.0002600311311450353,6.399798640590886e-05,0.0012343464777822585,0.0014662245602672333,0.00041951456995762646,0.00010943693671497128,0.00011562075497912924,0.00027063304943264894,0.0012644243920487308,0.0009972015455574827,0.0015146417447125852,0.001703104252758101,-0.7041375155517651,-1.699938339820768,1680822920.9717731
0.000673332533839047,0.0019366598620763399,0.0016588528707550474,0.0006947803844716625,0.00025859375119549355,6.389809183350405e-05,0.0012354604742520017,0.001465340251174687,0.0004197849053288006,0.00010832004630184533,0.00011400880071050778,0.00026821863150623606,0.001259296287628331,0.0009913113472598731,0.0015077612806966168,0.0016971990366864082,-0.7079643498754159,-1.7091771351458807,1680822920.9797742
0.0006714756161175068,0.0019385046314404054,0.0016597478878512984,0.0006933446310982601,0.0002570303721407956,6.394791356984212e-05,0.0012359634690158167,0.0014642030188163678,0.00041921994045211573,0.00010875950141075281,0.00011521585184140196,0.0002676082808690561,0.0012601747881717529,0.0009888803873563307,0.0015092923775091975,0.001698110637968826,-0.7117911841990668,-1.7184159304709936,1680822920.9856548
0.0006786079071102841,0.0019623538160329305,0.0016792875210321612,0.0007014008104381166,0.00026088961422293287,6.399912831823227e-05,0.0012529274535461718,0.0014855515212337644,0.00042501759684949666,0.00011017181557401862,0.00011566646639845062,0.00027163683317214495,0.0012783833175911668,0.0009999166901189132,0.0015287824754278148,0.0017222323823894118,-0.7156180185227178,-1.7276547257961066,1680822920.992683
0.0006629191087124538,0.0019430758539389023,0.0016603631398149385,0.0006861160094996314,0.0002560601487964891,6.396767354810847e-05,0.0012555730446893165,0.0014800472142305894,0.00042532705773381613,0.00010671635926001418,0.00011330940081382512,0.00026637409476339634,0.0012660612863420661,0.0009775133540714713,0.0015151419037002204,0.0017075299285554935,-0.7194448528463686,-1.7368935211212193,1680822920.9996822
0.0006724698586120764,0.0019521564586429054,0.0016697282321590308,0.0006955904771659161,0.00025955114682810546,6.398825886221557e-05,0.0012494640446333025,0.0014793189835786273,0.0004231552612989724,0.00010919248856212407,0.00011541454980049016,0.000270620449540827,0.0012724746755056445,0.0009914369906414155,0.0015212471985884641,0.0017139818758229648,-0.7232716871700196,-1.7461323164463323,1680822921.0070372
0.0006613092093869878,0.0019274000515252766,0.0016490514971144927,0.0006849150322736198,0.0002563455476012307,6.394717512519777e-05,0.0012465710916039058,0.0014694305334684134,0.0004228279345546388,0.00010578599625259557,0.00011231014192232835,0.000266188206532008,0.0012565943450828483,0.0009752583834572822,0.0015035863556566583,0.001695217181986344,-0.7270985214936704,-1.7553711117714452,1680822921.0140817
0.0006606461214498513,0.0019283080454122086,0.0016492054128590002,0.0006840307942184154,0.0002548098905647832,6.399157971010436e-05,0.001242787105722334,0.0014668779331490098,0.0004206059061014519,0.00010691134246587094,0.00011391199666542124,0.00026586192461214644,0.0012567651299707286,0.0009744338179970051,0.0015042871956356448,0.0016950589388573017,-0.7309253558173213,-1.764609907096558,1680822921.0208755
0.0006680548903124907,0.0019359593542486874,0.0016560052469303502,0.0006893123309897352,0.00025649505405917134,6.391364378807204e-05,0.0012445123689417414,0.00147086916098576,0.0004227612721447511,0.00010765577663897198,0.00011323418009270527,0.00026681882313697416,0.0012627277170991049,0.000983591780894244,0.00151031963530049,0.0017035407014255363,-0.7347521901409722,-1.7738487024216707,1680822921.027898
0.0006548852994895472,0.0019229078448855048,0.0016425556862026513,0.000677761776465672,0.00025264825010242966,6.391730931120742e-05,0.0012487666545354568,0.001468506906732954,0.0004224384542479229,0.00010549623111097589,0.00011255288515612803,0.00026324860838546543,0.001254654885282539,0.0009652782058516165,0.0015014533348882899,0.001693474305358848,-0.7385790244646231,-1.7830874977467837,1680822921.034899
0.0006817763592214367,0.001969009239826289,0.0016847385539899159,0.0007033494059362203,0.00026125750410430456,6.411124991860266e-05,0.0012555789183757902,0.0014903495528964053,0.00042618530718251303,0.00011151985229635348,0.00011609353957696799,0.0002727062013959439,0.0012867986845250172,0.0010039391877311827,0.0015357824912383433,0.001733109662095783,-0.7424058587882739,-1.7923262930718964,1680822921.0415258
0.0006705320664197414,0.001952328706656581,0.0016696604012773682,0.0006920954469901548,0.0002571802228244334,6.406848671445015e-05,0.001254143997503742,0.0014847276336532116,0.00042663141090037293,0.00010873067943422582,0.00011392116900926746,0.00026797314985413953,0.001275340372758619,0.0009879234832347542,0.001524019574905136,0.0017198126858749677,-0.7462326931119249,-1.8015650883970094,1680822921.0489788
0.0006633165080167024,0.0019236734782377813,0.0016462583636012598,0.0006841764364901778,0.00025516452216330863,6.404364554029582e-05,0.0012388236833194531,0.001463313126764153,0.0004203898106414827,0.00010720540418604656,0.00011339018897730442,0.0002658213857708949,0.0012560166539591848,0.0009765594662276313,0.0015013587109243833,0.0016935555168843342,-0.7500595274355757,-1.810803883722122,1680822921.0561812
0.0006575261874005424,0.0019095476578684825,0.0016342137677614066,0.0006781055382880902,0.0002530912562387504,6.393812747453066e-05,0.001238465727536309,0.0014596597420228029,0.00042044781386935294,0.0001052707220060256,0.00011137194666469654,0.0002625114896422661,0.0012471904024920044,0.0009676831853116977,0.0014911865215093284,0.0016831672295757017,-0.7538863617592266,-1.820042679047235,1680822921.0632288
0.000657173553796547,0.0019118543458210135,0.0016355303034643394,0.0006779301043168881,0.0002519087097619281,6.400523272129411e-05,0.0012366448902705438,0.0014573054108696119,0.0004192589027870936,0.00010621413226697662,0.00011315643526108999,0.00026247070764759346,0.0012485202936650484,0.0009670286147421347,0.001493103620142545,0.001684681512535458,-0.7577131960828776,-1.829281474372348,1680822921.0701244
0.0006798519703657112,0.001956976908469214,0.0016754319336168232,0.0007000206210697789,0.0002599425341216976,6.40573461891154e-05,0.0012510299699400175,0.0014828113895581272,0.00042574018282219654,0.00011049745269189835,0.00011587967982516808,0.00027072169809195097,0.0012793896079512427,0.000999513714597999,0.001526626552516207,0.0017241146398619322,-0.7615400304065284,-1.8385202696974607,1680822921.077065
0.0006649420616908879,0.0019415393386315637,0.0016595255774717475,0.0006864466922104895,0.00025560963094108314,6.405812837544005e-05,0.0012569157328939915,0.0014805912525831277,0.00042594515641167485,0.00010775104467145556,0.00011451159494769444,0.0002664720913587316,0.001270064624759793,0.0009783658052937324,0.001516034771246367,0.0017130174992443746,-0.7653668647301793,-1.8477590650225737,1680822921.0840359
0.0006711499735508303,0.0019411871625175973,0.001661441782166979,0.0006914381535602685,0.0002576391298896108,6.401092012659657e-05,0.0012495486660446715,0.001477148820014191,0.00042456767905038254,0.0001084163634853235,0.00011447164956104789,0.00026813199407833816,0.0012693470800921238,0.000986529535382346,0.0015150092063371879,0.0017116056899424054,-0.7691936990538303,-1.8569978603476869,1680822921.0909505
0.0006612166763237721,0.0019179442939522035,0.0016410858086848721,0.0006816786345313032,0.0002546563806188633,6.3919774248351e-05,0.0012447603260408216,0.0014661936874897454,0.00042335116097844187,0.00010551532968931407,0.00011210192714004695,0.00026399820844550255,0.0012530412738395477,0.000971862961914494,0.0014976612939429583,0.0016917026440758777,-0.7730205333774811,-1.8662366556727994,1680822921.0969818
0.0006647730442823569,0.0019253056752797113,0.0016477148968587448,0.0006848644488378415,0.000254352083164677,6.396313355562058e-05,0.001244620547828403,0.0014675656255013546,0.0004223367375345917,0.00010708829557805817,0.00011389521878538252,0.0002649137958871676,0.001257861110517506,0.0009766985325295081,0.0015023394932224146,0.0016974493690235174,-0.7768473677011322,-1.8754754509979126,1680822921.1040354
0.0006732668977009085,0.0019361526315932519,0.0016585203840510504,0.0006920922402573256,0.00025659927246177925,6.393056712113321e-05,0.001247152603160858,0.001473926178060698,0.00042459846206089854,0.0001081512263547612,0.00011350397350082965,0.000266397524616396,0.0012656982099425102,0.0009883230206335558,0.0015104050062890405,0.0017080257538161865,-0.780674202024783,-1.8847142463230253,1680822921.1110198
0.000660855789952408,0.0019228228754340586,0.0016448414312518471,0.0006815419796700737,0.0002525966861522136,6.39817790348375e-05,0.00125104548152712,0.0014706974910189288,0.0004240356460587373,0.00010602650224146598,0.00011291407992697992,0.0002627677883251558,0.0012574014388988704,0.00097101574895913,0.001501023164250456,0.0016981361339302745,-0.7845010363484337,-1.8939530416481378,1680822921.118005
0.0006781121466051487,0.001954435306492359,0.0016741545594240578,0.0006990877818680019,0.00025985315004252815,6.410556864542843e-05,0.0012581402888364958,0.0014874233626495684,0.00042732791772221254,0.00010948021030510284,0.00011438253195125054,0.00026991304786466047,0.001279213517921851,0.0009961850725294127,0.0015236540052747016,0.0017250921785948478,-0.7883278706720848,-1.903191836973251,1680822921.1256208
0.0006659894508363078,0.001931889977911921,0.0016538588477169687,0.0006868904451861313,0.0002560024386578054,6.404695330694757e-05,0.0012528239048498117,0.001476632939596374,0.0004265471495181408,0.00010628148642629534,0.00011208216780398918,0.0002653947565227974,0.001263869143065003,0.0009782531049297588,0.0015069648701827331,0.0017061885811900678,-0.7921547049957356,-1.9124306322983635,1680822921.1314685
0.0006721977866614334,0.0019412104899806258,0.0016620299235570344,0.000692748628302474,0.00025854046992785024,6.409959053565183e-05,0.0012502469682992249,0.0014771020975019753,0.0004243678522281395,0.00010874170601850976,0.00011396309139294553,0.0002688047349684658,0.0012699870808224507,0.0009867900664878098,0.001512595624694347,0.0017123322638823353,-0.7959815393193865,-1.9216694276234767,1680822921.139539
0.000669523340121443,0.00193114811110198,0.0016538523010029037,0.0006891159710427192,0.00025681573351578536,6.404901299295792e-05,0.0012485349824000228,0.0014735863206191253,0.0004243208876535694,0.00010753379543649273,0.00011217757685461125,0.0002660344461305829,0.0012633843746644266,0.000982454636426783,0.0015051747527022165,0.0017050333730150582,-0.7998083736430374,-1.9309082229485894,1680822921.1454866
0.0006678585043437958,0.0019291569055873937,0.0016519627986394463,0.0006883387199395823,0.0002564338461465589,6.416004884442306e-05,0.0012463675369285155,0.001469947545994077,0.0004228549620028047,0.00010762616147672782,0.00011368400065302171,0.00026653761674716496,0.0012618953569805828,0.0009805521469473106,0.0015028161189084882,0.0017028132866730088,-0.8036352079666883,-1.9401470182737024,1680822921.153417
0.0006813262623312339,0.001957835799371156,0.0016785780732056189,0.0007021551049461671,0.0002617554514814829,6.415737845921231e-05,0.0012580017467430213,0.0014890847386242754,0.00042749408708486416,0.0001100791230745766,0.00011460022843761287,0.00027150078031434747,0.0012817866975734324,0.0010004649894220646,0.0015243161031535505,0.0017284765774735098,-0.8074620422903391,-1.9493858135988151,1680822921.1592336
0.0006693615862410848,0.001926056365365304,0.0016512309086584068,0.0006903844154185124,0.0002569490060476884,6.414449264378208e-05,0.0012403766870185714,0.0014634353751181229,0.00042068665490500715,0.00010801564573895031,0.00011404124939435524,0.00026726377296448545,0.0012594849773306992,0.0009826856147276194,0.0014993144359722282,0.0016990350300116332,-0.8112888766139902,-1.9586246089239283,1680822921.167313
0.0006779235884934328,0.0019381620221773684,0.0016636466306653888,0.0006989198017632727,0.00026094532385429164,6.41716372416932e-05,0.0012371891717221863,0.001465819709766619,0.0004200235161966927,0.00011004886346145774,0.00011587987214657578,0.0002718517545603641,0.0012671456029400494,0.0009951030470761958,0.0015074076292159045,0.0017072189290617715,-0.8151157109376409,-1.9678634042490408,1680822921.173253
0.0006704820770435882,0.0019220339606564228,0.0016488567083624544,0.0006908955302297356,0.00025841428082105954,6.409488051346395e-05,0.0012355812433484756,0.0014594924664037667,0.000419416346417507,0.00010776166864617279,0.00011400500804467608,0.0002680903606513908,0.001255562861130239,0.0009840324459211868,0.0014948006413955338,0.0016935335575599848,-0.818942545261292,-1.977102199574154,1680822921.1802442
0.0006753362682835173,0.0019320104609985098,0.0016580293230063704,0.0006956226858000697,0.0002598233886882361,6.416400505595944e-05,0.0012344263103460217,0.001460599276163255,0.0004185733956793032,0.00010959093080790832,0.00011601725197855592,0.0002707298194418356,0.0012618564798811138,0.00099098928501003,0.0015016376777212328,0.0017005102159577173,-0.8227693795849428,-1.9863409948992667,1680822921.1890745
0.0006826755777411207,0.0019403975374744464,0.0016666924963199368,0.0007013994715862835,0.000261079119687729,6.41615909791649e-05,0.0012351751217433702,0.001464583885075551,0.0004201345078408606,0.00011063906934997977,0.00011571289201460753,0.00027121894958849414,0.0012673458226203623,0.001001216337251657,0.0015076918417189452,0.0017083854142977625,-0.8265962139085937,-1.9955797902243797,1680822921.1940987
0.0006686625399260234,0.0019271802013505273,0.0016531307957707057,0.0006893375686830815,0.00025709721553696373,6.408594595870517e-05,0.0012423189118368917,0.0014649060371063581,0.00042169970748890876,0.00010700196184732432,0.00011390841043338561,0.0002668253378372868,0.0012589387103188287,0.0009823704816943942,0.0014979979034188578,0.0016990236006060367,-0.8304230482322446,-2.004818585549492,1680822921.2020707
0.0006812433482262879,0.0019540653519369597,0.0016772777268136024,0.0007021099040588175,0.0002629930664328421,6.411130131449634e-05,0.0012517731540262651,0.0014819737458035343,0.0004254514077886212,0.00010932344266792938,0.00011518765036572377,0.0002727768761671184,0.0012783368056605697,0.0010009870666804618,0.0015179110159526928,0.001723120344584364,-0.8342498825558955,-2.0140573808746054,1680822921.2079756
0.0006715506913280804,0.0019362611161782535,0.00166244296043691,0.0006934380738680777,0.00025956659365449815,6.40373553472514e-05,0.0012442292713017494,0.001471066795282719,0.0004243995768535534,0.00010673378394013297,0.00011333497080946667,0.0002688272010734579,0.0012645865784235162,0.0009875042544572063,0.0015040435914660214,0.001706028287949235,-0.8380767168795463,-2.023296176199718,1680822921.215361
0.0006745080038415439,0.0019370395316645336,0.001663544591294331,0.0006961874341506585,0.0002600478332115273,6.406004969682217e-05,0.001239745942856339,0.0014663076707379663,0.0004212627402386877,0.00010813378628347144,0.00011502665519554847,0.0002703269391999176,0.0012646535865985884,0.0009914972652679877,0.001503706759692103,0.0017046911132572314,-0.8419035512031974,-2.0325349715248313,1680822921.2223587
0.0006715579610349633,0.0019295396258778418,0.0016569588825565435,0.0006933958240343019,0.0002598008031535307,6.396517040546693e-05,0.0012385355117432721,0.001463842086438461,0.0004217092331172727,0.00010669585356644105,0.00011347838456693278,0.0002689604936776712,0.0012584905527826496,0.0009876472396456136,0.0014978783327134963,0.0016971670150359884,-0.8457303855268482,-2.041773766849944,1680822921.2304044
0.0006695201522185707,0.0019268405196747288,0.0016540937196151827,0.0006910453553672369,0.0002573132215072999,6.404752548405668e-05,0.0012358398039695987,0.0014596974748218162,0.0004195109207785208,0.00010728388308433734,0.00011452836994547195,0.0002673171612809921,0.0012563013946781346,0.000984677710579052,0.0014956298402100604,0.001694206169251747,-0.8495572198504991,-2.051012562175057,1680822921.2356353
0.0006821677810524284,0.001943071155547664,0.001670340631137041,0.0007026543779014925,0.00026132992268744487,6.410508161104416e-05,0.0012338467057550636,0.0014652230655613004,0.00042049282000277674,0.00010947750658927564,0.00011487590323480784,0.00027099097148444625,0.001266510250497165,0.0010029375893448964,0.0015069294669032697,0.0017072812018949575,-0.85338405417415,-2.0602513575001695,1680822921.2440069
0.0006689757102725178,0.0019274588768377608,0.001654644432675196,0.0006908296574370522,0.00025720873070120254,6.409254776758591e-05,0.0012367108620672646,0.0014606971390073253,0.0004195512882468993,0.00010710290058923168,0.00011381862848721975,0.00026697436624877855,0.0012565018575707032,0.0009844591616311525,0.001495782187402934,0.0016952801612756122,-0.8572108884978009,-2.0694901528252827,1680822921.2510161
0.0006769855652141036,0.0019504105372651884,0.0016740859192551554,0.0006996586142963269,0.00026070026806460317,6.412572361728667e-05,0.0012441157454727628,0.0014729087459125218,0.00042203135464572507,0.0001091751131003253,0.00011603564485904736,0.000271432516476088,0.0012723249860268962,0.0009964635235167054,0.0015124147076770536,0.001714974118141965,-0.8610377228214517,-2.0787289481503954,1680822921.2574453
0.000667954653178181,0.0019393229403840025,0.0016637793612156023,0.000691092416758731,0.000257615949762129,6.406052436483219e-05,0.0012445519181180367,0.0014704641792709014,0.0004233790318068297,0.00010683010324923276,0.00011408223663960956,0.0002676232957633062,0.0012642437920437055,0.0009836777678480257,0.0015046302916125653,0.0017062411355097632,-0.8648645571451028,-2.0879677434755086,1680822921.2654727
0.0006687680012349524,0.0019339386719005116,0.0016594593804805182,0.0006916060441023925,0.0002569683389044201,6.410948400991149e-05,0.0012360984936352446,0.0014609352238735983,0.0004190638654649317,0.00010785613661421861,0.00011548931471142251,0.0002679069240436795,0.0012596053048189954,0.0009843957470505402,0.001499654583200749,0.0016991549893241448,-0.8686913914687535,-2.0972065388006214,1680822921.2704399
0.0006734214648137519,0.0019351941465417138,0.0016602475185209186,0.0006940642406157672,0.00025917358231860514,6.407043409934785e-05,0.0012381880899076552,0.0014659155380488502,0.0004216524334560745,0.0001073909883952082,0.00011291762411272228,0.00026815615349682454,0.0012615442035202149,0.000989874998376763,0.0015004820098703123,0.0017024398959084566,-0.8725182257924046,-2.106445334125734,1680822921.2786112
0.0006661807500849588,0.0019312125657060398,0.0016552548433089076,0.000688027312443011,0.00025686216016211264,6.407982413683589e-05,0.0012430605533217782,0.001466932794942731,0.0004219144747637934,0.00010654050333246294,0.00011290813626256754,0.0002662082050619574,0.0012591777123113542,0.0009800214993904122,0.0014978759750763724,0.0016997842704471182,-0.8763450601160554,-2.115684129450847,1680822921.2845705
0.0006730730995219835,0.001948324793428788,0.0016710267921476514,0.0006965386920214427,0.0002605515086344277,6.414611537061453e-05,0.001246626026555731,0.001475843725647647,0.0004227173391404852,0.00010853019280500343,0.00011522732668881023,0.0002709814745611888,0.0012707137572547595,0.0009908832851243442,0.0015103467807916259,0.0017133687919814874,-0.8801718944397063,-2.12492292477596,1680822921.2921693
0.0006614284784614605,0.0019275723673143003,0.0016521154560341785,0.0006851802273572737,0.0002566380510597383,6.409728584784857e-05,0.0012416756029647908,0.0014662800981760727,0.0004221535662476176,0.00010537811146205998,0.00011305650922571351,0.00026633033386686276,0.0012563535663187016,0.0009743949029681561,0.0014951382057106755,0.0016962398531465534,-0.8839987287633572,-2.1341617201010727,1680822921.2985058
0.00066354501761241,0.0019265196306723319,0.0016514714838718892,0.0006872430551362682,0.0002569050747766358,6.414652296714598e-05,0.0012351453825754954,0.0014599733084834014,0.000418543421423365,0.0001067423051270752,0.00011468573594306062,0.0002677815872829459,0.0012550389750395322,0.0009772211254264857,0.0014934275265602124,0.0016929391575965138,-0.887825563087008,-2.1434005154261855,1680822921.3050518
0.0006569828612718526,0.0019113665226024054,0.0016379707014964409,0.0006803363275078997,0.00025525532287257787,6.39860979935354e-05,0.0012348800080358975,0.001456340968597052,0.0004187820101032122,0.00010426670721853041,0.00011208614698965806,0.00026461019166377294,0.001245448238541876,0.0009671540286359817,0.0014819938256213727,0.001681209814318747,-0.8916523974106589,-2.152639310751298,1680822921.313116
0.0006549609149949714,0.0019135800260277047,0.0016387353166737522,0.000678855431620544,0.0002535700445155086,6.404747191983514e-05,0.0012352023423387018,0.0014552229818614697,0.00041816557618305604,0.00010475522022809961,0.00011339299740291399,0.0002638721952889922,0.0012465061987920005,0.0009645416746507159,0.0014839179717407425,0.001682586875184273,-0.8954792317343098,-2.161878106076411,1680822921.319031
0.0006672170037069328,0.0019291433760964783,0.001652514693944209,0.0006889299600313404,0.0002573942475726225,6.404060289138976e-05,0.001234922474374712,0.0014608084502196806,0.0004199520065215356,0.00010673928648421463,0.00011368505603672351,0.00026720440784396167,0.00125692483883158,0.0009813498890112228,0.0014952404765400718,0.0016958589744465703,-0.8993060660579607,-2.171116901401524,1680822921.32692
0.0006529722226153642,0.0019161024191541112,0.001639420314432578,0.0006764694162996235,0.00025411384282510646,6.401957173335754e-05,0.0012400822495356198,0.0014608309933921528,0.0004212667533748051,0.00010371962608744967,0.00011187435357644744,0.0002636010447577926,0.001248777583928627,0.0009619077721025692,0.0014862545593873771,0.0016862928721646363,-0.9031329003816115,-2.180355696726637,1680822921.332875
0.0006626170723016742,0.0019248011855427895,0.0016481458058258283,0.0006847930325159555,0.00025714848152243197,6.405734615581583e-05,0.0012346700529073532,0.0014596060423391712,0.00041927709695754726,0.00010625490353251705,0.00011371061237775353,0.0002671188406923146,0.0012550298782031113,0.0009755289741716261,0.0014920097054563395,0.0016929241842637474,-0.9069597347052626,-2.18959449205175,1680822921.3409402
0.0006525438962564615,0.001901579022192249,0.0016282183941546142,0.000674960421759833,0.00025392289849311483,6.400617084342657e-05,0.0012295974018814056,0.0014485459861016887,0.00041796800971175853,0.0001031613762894695,0.00011126610139559917,0.0002627383018245703,0.0012386547362578258,0.0009609620091984705,0.0014748031833176569,0.0016730665633408266,-0.9107865690289134,-2.198833287376863,1680822921.347018
0.0006563717747286726,0.001906255117070254,0.0016323731130695833,0.0006777807339231991,0.0002531200441142664,6.408148383096437e-05,0.0012237491574730826,0.0014455372455941208,0.00041611891518133397,0.00010485664589556537,0.0001131003657272692,0.00026313027843124517,0.0012411307602756775,0.0009661292379156516,0.001477865136502058,0.0016755545106838844,-0.9146134033525644,-2.2080720827019755,1680822921.3547366
0.0006614457485375594,0.0019109975770763379,0.0016372407522193303,0.0006814229032833044,0.0002541325220654556,6.404550952530057e-05,0.0012250777608180054,0.0014486777440142079,0.00041762837521796897,0.00010521601530900991,0.00011219037533626369,0.0002632014458106262,0.0012446345010364843,0.0009727019712733644,0.0014815225583724812,0.0016806634746030242,-0.9184402376762152,-2.2173108780270883,1680822921.3618062
0.0006512598862280164,0.001904338670459975,0.0016290881636688954,0.0006727479025081187,0.00025108228562614315,6.406240112692803e-05,0.0012320773878711905,0.00144983857311095,0.0004184061115702994,0.00010357038195088272,0.00011161100727336431,0.0002604514326176417,0.0012407591026573073,0.000958703801118715,0.00147718906477114,0.0016763741579830173,-0.9222670719998661,-2.2265496733522014,1680822921.3675294
0.0006741066144441406,0.001954222715630749,0.0016726986797793457,0.0006964234795196427,0.00026039750389424463,6.421210526406701e-05,0.001244683710473282,0.001476761578566187,0.00042395471287012365,0.00010882392858465292,0.00011510419641147316,0.0002707599500602307,0.0012749531479512783,0.0009934802318143324,0.0015144651038760705,0.0017185811645948558,-0.926093906323517,-2.235788468677314,1680822921.3755589
0.0006628796600422996,0.0019321909276611487,0.0016527359945278809,0.0006847787047483346,0.0002567901367589027,6.413559820549237e-05,0.0012389664269756046,0.0014657120031672738,0.00042310125973888665,0.00010571901023714443,0.00011301618762177538,0.0002663320255693332,0.0012599045239140422,0.0009769286295276262,0.0014980463137762173,0.001699852351677445,-0.929920740647168,-2.2450272640024274,1680822921.3814142
0.0006615427251252837,0.0019215367057117331,0.0016438267258160665,0.0006818018539053284,0.00025519574709883397,6.413057033552514e-05,0.0012299995785504533,0.0014556430842067713,0.000419413342182944,0.00010588692770472852,0.0001125932945393463,0.00026484260149729397,0.0012522558750139704,0.0009745311560411644,0.001489381275075734,0.001689385815197006,-0.9337475749708187,-2.2542660593275397,1680822921.3894224
0.0006620397333779906,0.0019170324374349816,0.0016404737674587094,0.0006810011646104934,0.00025424043425867723,6.411201618474854e-05,0.0012287430820678684,0.0014537853294998913,0.0004198278626480554,0.00010545217125314486,0.00011114513508854382,0.00026300291504733594,0.0012495265612072698,0.0009746916584759567,0.0014861361897868953,0.0016869701009165831,-0.9375744092944698,-2.263504854652653,1680822921.3953643
0.00065594390773903,0.001912727080744677,0.0016353824592251036,0.0006764250781419783,0.0002530309791485141,6.419764898317209e-05,0.0012300505646092,0.0014520574155156493,0.0004189350180145713,0.00010525470977576696,0.00011218377006718703,0.0002622843019975017,0.0012479233154627184,0.0009669866549487853,0.0014827099485025723,0.0016843376295669476,-0.9414012436181206,-2.2727436499777656,1680822921.4033241
0.0006695583809408593,0.0019405546062208723,0.001660485296807482,0.0006902005074749628,0.000258625771272812,6.423326415627965e-05,0.0012401454023479972,0.001469972560959571,0.0004231935533991762,0.00010782440315223791,0.00011312724091229215,0.0002676960251102917,0.0012673786258291689,0.0009871070879686023,0.001503662064215692,0.0017093043750863678,-0.9452280779417715,-2.2819824453028787,1680822921.4092298
0.0006546761789037048,0.0019223657291313225,0.001641037226192893,0.0006750743367371051,0.0002538613957737009,6.42632236939677e-05,0.0012406990142454978,0.0014635768714562005,0.0004233935584124993,0.00010492234973038179,0.00011097320020321042,0.0002626055280881006,0.0012562304959726717,0.0009654935652271091,0.0014905024346211413,0.0016961591891272241,-0.9490549122654224,-2.2912212406279915,1680822921.4172077
0.0006662078760115925,0.0019378425528905842,0.0016561529370455689,0.0006864732085141652,0.0002585324438065749,6.432300342144012e-05,0.0012376050766131938,0.0014678841194624911,0.0004229715737617584,0.00010759606591628379,0.00011291646161426733,0.00026773852582611524,0.0012670989065036548,0.0009822484337133194,0.0015015027473097246,0.0017083780167034325,-0.9528817465890733,-2.3004600359531047,1680822921.424661
0.0006557302811042517,0.0019129811906316073,0.0016339499695043054,0.0006753543365679595,0.0002548750007652086,6.424788640062424e-05,0.0012310471749720398,0.0014555390138854703,0.0004212155260937441,0.00010462328984066558,0.00011028274667374643,0.00026293474543569027,0.001249382898161268,0.0009665173549065589,0.001482831707941357,0.0016867562442729734,-0.9567085809127241,-2.309698831278217,1680822921.429926
0.0006595272489748361,0.001923869141745129,0.0016424954348542489,0.0006788950585069756,0.0002564754144891322,6.438168123499104e-05,0.0012299225887626298,0.0014575980085785882,0.00042082787123006474,0.00010654516828842557,0.00011254948427881258,0.00026560405154084165,0.0012571382093648962,0.0009730547834751717,0.001490736504044858,0.0016954755791387215,-0.9605354152363752,-2.31893762660333,1680822921.4384031
0.0006679425310188627,0.0019349610957711434,0.0016530536814629005,0.0006857022723209757,0.0002582682752793691,6.437716557975665e-05,0.001232494193038236,0.001463948141450433,0.00042320295583618995,0.00010765989097026529,0.00011236948764297775,0.00026653286172899,0.001265066377120101,0.0009846022250248427,0.0014992017558256789,0.0017065683905317507,-0.964362249560026,-2.328176421928443,1680822921.4439025
0.000654211331087509,0.0019171373645657031,0.0016356893368917422,0.0006733731897683499,0.0002543228062256808,6.438765134121416e-05,0.0012320533572549312,0.001455745001191348,0.0004216194488704903,0.00010543413954791895,0.0001119116956263358,0.00026271069548313716,0.0012542746693598973,0.0009655073644558354,0.0014858052520661687,0.0016927723551820742,-0.968189083883677,-2.337415217253556,1680822921.4519114
0.0006647489990725356,0.0019366352937372241,0.0016534491951312202,0.000683900340523931,0.00025940270711916015,6.441337140233508e-05,0.0012359484588921638,0.001466425206864064,0.0004237093581474323,0.00010746072335342289,0.00011322639451247307,0.00026797614345052404,0.001268320304301231,0.0009810051399135689,0.0015001033332728779,0.001709852188266149,-0.9720159182073278,-2.346654012578669,1680822921.4578652
0.0006557092265907855,0.0019263190641331184,0.0016429168067240531,0.0006748724049645249,0.00025653907911273645,6.425598685628093e-05,0.0012355473194734176,0.0014631751840683308,0.0004252083329305122,0.00010522379286643431,0.00011144748224306806,0.00026456474658315783,0.0012608618175704578,0.0009682036271526469,0.0014927883661101503,0.0017015787101604678,-0.9758427525309787,-2.3558928079037815,1680822921.465905
0.0006580286370005221,0.0019237538010920027,0.0016411295054412963,0.0006766976992006827,0.00025676281834958244,6.430785092729989e-05,0.001228007728594586,0.0014554727638585309,0.0004214447691989815,0.00010654753327851604,0.0001129366650500456,0.00026579983555018736,0.0012586815152978395,0.0009711407825418688,0.0014903117550678264,0.0016972556966781784,-0.9796695868546296,-2.3651316032288943,1680822921.4716167
0.0006627617491069352,0.001918889665667062,0.0016374618261275062,0.0006797798727506423,0.00025726371373261476,6.424868449740475e-05,0.0012185877476157579,0.0014471074791516834,0.00041856876909638415,0.00010753185677723973,0.00011339114945562725,0.0002660381165949985,0.0012547030953735851,0.000977527962759762,0.0014863051306887288,0.0016916930115975985,-0.9834964211782804,-2.374370398554007,1680822921.4788857
0.0006573749787768226,0.001913479049982176,0.001631968338832153,0.0006753460008589815,0.0002555786214211634,6.427834442172966e-05,0.001216585991980858,0.0014429286248372698,0.0004169851605317543,0.00010716081664160061,0.00011410124355975045,0.00026511226093669604,0.0012505396524182502,0.000970571250835586,0.0014821972280290485,0.001685866285707187,-0.9873232555019313,-2.38360919387912,1680822921.4869514
0.0006718152116666806,0.001938780983880764,0.0016556415889868558,0.0006891336063472188,0.0002604838979909503,6.427100374964889e-05,0.0012237476119124912,0.001458666258915541,0.00042098635854171784,0.000109605363703812,0.00011491135734923524,0.00026967213990658625,0.0012682183821421643,0.0009915442004962785,0.0015012698128838704,0.0017089193832837738,-0.9911500898255822,-2.392847989204233,1680822921.4929423
0.0006538411139150345,0.0019204290692395414,0.0016369568594322354,0.0006727630636581344,0.00025545375257515253,6.416653134995916e-05,0.0012302019037714782,0.0014553611941939455,0.00042201748542970144,0.0001057963081284133,0.00011256477148909501,0.00026434945024157567,0.0012570377466929543,0.0009662838503785493,0.0014885192271768338,0.001696229272839547,-0.9949769241492332,-2.402086784529346,1680822921.4998617
0.0006612040034187058,0.0019251524376122078,0.0016423250819688462,0.0006799064469825471,0.0002581367605831326,6.423247573561922e-05,0.001222085120115628,0.001450911388690147,0.0004187948219668254,0.0001080329370708795,0.00011446694521797134,0.000267760871637572,0.0012598205433731714,0.0009769778036546708,0.0014912296371643711,0.0016978943237548714,-0.9988037584728839,-2.4113255798544584,1680822921.5068636
0.0006525296605371821,0.0019116245373977834,0.0016293380218723058,0.0006714032977192759,0.00025564529487998337,6.418215767603257e-05,0.001223514299951098,0.0014488998663938603,0.0004196270618537977,0.00010561425075115741,0.00011221744343251759,0.0002641056380541342,0.001250863015459157,0.0009645821470026397,0.0014817389564036562,0.0016879855831008306,-1.0026305927965349,-2.4205643751795716,1680822921.5138574
0.000652059031877888,0.0019144211653023392,0.0016312072262976267,0.0006709430005457224,0.0002543106939562631,6.430120427264935e-05,0.0012209936581721774,0.0014465150315151408,0.0004181743202035996,0.0001067103751963644,0.00011379755953995659,0.00026391979429666446,0.0012522972899310697,0.0009642749921024982,0.0014837284435168358,0.0016895226833333365,-1.0064574271201858,-2.4298031705046843,1680822921.5202
0.0006636939008722628,0.0019273072551927106,0.0016440602797797967,0.0006806366759499387,0.00025941783995820256,6.421290565465975e-05,0.0012221154375593834,0.0014530748711224985,0.00042159981556617047,0.0001075007291737322,0.00011261159519516282,0.00026767717472832997,0.0012612340546493256,0.000980876757334069,0.0014937389650342319,0.001701278988609478,-1.0102842614438368,-2.4390419658297975,1680822921.5281496
0.0006530916338578072,0.0019206283020118474,0.0016357723418971954,0.0006714103448956294,0.0002567500461120143,6.425583704331911e-05,0.0012300498113829194,0.001455672814733913,0.0004228741737373137,0.00010567237772997994,0.00011189926146377322,0.00026506733341078473,0.0012577716332026316,0.0009664524073584823,0.0014894516266029043,0.0016977161799969643,-1.0141110957674877,-2.4482807611549102,1680822921.5341556
0.0006621783688571893,0.0019391030449012025,0.0016523518885559895,0.0006805547620316564,0.00025958010100203977,6.428488538066825e-05,0.001230712944057364,0.0014618872510975174,0.0004230180871611614,0.00010837379019055711,0.00011448240571257117,0.0002691690417123027,0.001270491152086486,0.0009799997218078204,0.0015032612062701916,0.0017130409206493936,-1.0179379300911386,-2.457519556480023,1680822921.5411637
0.0006508194049975366,0.001926745373659172,0.0016401193690326523,0.0006697371729783842,0.0002554350276369433,6.427074856434532e-05,0.0012356523665529807,0.00146005442261689,0.0004243856020756149,0.00010578599610935547,0.00011252084115993279,0.0002645101398468155,0.0012624036227747216,0.0009637075572318196,0.001494586491227905,0.0017044503158606579,-1.0217647644147894,-2.4667583518051357,1680822921.5503023
0.0006553153657598063,0.0019241672682366972,0.0016393979825157087,0.0006741243014032376,0.0002565366323664512,6.426322360523603e-05,0.0012232281216969724,0.001450568903006936,0.00042033079936342805,0.00010719783883285768,0.00011423288860874908,0.00026653827199275593,0.001259697882086883,0.0009701512212508777,0.0014918237278402722,0.0016990918889724816,-1.0255915987384403,-2.475997147130249,1680822921.5551832
0.0006446037816408374,0.0018937784897521124,0.001612134015053297,0.0006619864564290808,0.00025251534030924333,6.402242471465614e-05,0.0012150113801044746,0.001436147600995421,0.00041870425141749993,0.00010341563126607351,0.00011028592578854234,0.00026050685710288235,0.0012389407740036923,0.000953639150609364,0.001469159626578799,0.001673831223025494,-1.0294184330620912,-2.4852359424553616,1680822921.562184
0.0006374273856257364,0.0018877282885523857,0.0016054135815479211,0.0006560139279377885,0.0002500430695557111,6.40842825054252e-05,0.001215578558821026,0.0014328520479102076,0.0004177031756960822,0.00010271223810117849,0.00011088129103794152,0.0002587411679712797,0.001234538539998411,0.0009439925243460112,0.001464851391398311,0.0016682219328384492,-1.0332452673857422,-2.494474737780475,1680822921.5692902
0.0006614647312286783,0.0019416276478401572,0.0016525675857932364,0.00068081689116799,0.00026000988211136183,6.418271168057674e-05,0.001233934410402382,0.001466723908934953,0.00042523516925222654,0.00010773239158960531,0.00011430509830554461,0.0002695395778811834,0.0012719360752582074,0.0009797945832279913,0.0015059186116766605,0.001715762192334648,-1.037072101709393,-2.5037135331055875,1680822921.5762317
0.0006461402552293507,0.0019224758999307062,0.0016338508779378624,0.0006658274834690554,0.0002555483800551883,6.40742141952026e-05,0.0012364471083813387,0.0014611340159819306,0.00042541498238921017,0.00010444664042124179,0.00011221870930592773,0.000264575474360326,0.0012596801502396,0.0009576278781284653,0.0014923886160292622,0.0017012516544962315,-1.040898936033044,-2.5129523284307003,1680822921.5832448
0.000658291947418027,0.001923443864795713,0.001637778888585821,0.0006763597455941224,0.00025889814761696767,6.410648409115097e-05,0.0012227111387609836,0.0014506389676365841,0.0004192142307788435,0.00010765158746347347,0.0001144768822563847,0.000268502010138887,0.0012594594398326116,0.0009734453486275008,0.0014920324565758985,0.0016989643120132617,-1.0447257703566948,-2.522191123755813,1680822921.5902429
0.0006516393846973489,0.0019076545124670176,0.001624337533387414,0.0006698522005040448,0.0002570381898934703,6.406469881900605e-05,0.0012215747680182788,0.001445040198672405,0.000419085923981927,0.00010534315952911537,0.00011240917200920354,0.00026543505662544864,0.0012490373666276967,0.0009634336620303065,0.0014802820265057493,0.0016864537431978558,-1.0485526046803457,-2.531429919080926,1680822921.5970469
0.0006474373091180301,0.0019061088190321168,0.0016216046863874371,0.0006657405909532976,0.0002544559568021621,6.410916795761146e-05,0.0012231140146476839,0.0014448368052138421,0.0004200658066164907,0.00010472851481006637,0.00011246064138855077,0.00026325913969598433,0.0012471760412256,0.0009572506018516896,0.0014799468211024191,0.0016853910669623346,-1.0523794390039967,-2.540668714406039,1680822921.604559
0.0006478479156782854,0.0019031888552169147,0.0016188393339475991,0.0006651395964435198,0.0002545859187494506,6.404241396434786e-05,0.001224526592135098,0.0014461966386076206,0.00042125913839226477,0.00010387190822778811,0.00011089213149399856,0.00026228380147693753,0.0012454578212301897,0.0009570727994800091,0.001477917083631139,0.0016840314763319588,-1.0562062733276476,-2.549907509731152,1680822921.6125185
0.0006429996810423173,0.0019040051602276572,0.0016178774716715525,0.0006610825082539355,0.0002525341431397274,6.405995794248466e-05,0.001229999666457531,0.0014485728009784357,0.00042218280037966625,0.00010343877382320763,0.00011125668319771099,0.0002608445833188488,0.0012461358299415246,0.0009503999158534936,0.0014791251914266247,0.0016854554852413044,-1.0600331076512983,-2.5591463050562644,1680822921.617919
0.0006574576156761523,0.0019290922881324616,0.0016406774617840965,0.000675578350117491,0.00025892848495702713,6.402410473065386e-05,0.0012335251074419343,0.001460478896352512,0.00042415969542585223,0.00010628091155901297,0.00011307338370919074,0.0002676563287634561,0.0012630712416710087,0.0009711219239402136,0.0014975946408349258,0.001705702872311312,-1.0638599419749495,-2.5683851003813776,1680822921.6248348
0.0006491589729510958,0.001912703693920347,0.0016264234065368134,0.0006673025198088348,0.00025610285025779746,6.39233701174537e-05,0.0012313976815046491,0.0014533838592487751,0.00042441534008857545,0.00010371713657301248,0.000111124398838587,0.000263795901020103,0.0012511555287313915,0.0009591672334728138,0.0014857549104870206,0.0016916289455891204,-1.0676867762986002,-2.5776238957064903,1680822921.6318102
0.0006544756696056943,0.0019186356654805994,0.0016318035351025391,0.0006724263319181261,0.0002577207581208265,6.404802351117277e-05,0.0012296463611767483,0.0014525046856579348,0.0004219555936533841,0.00010554455417626968,0.0001127352070450558,0.0002665439666555087,0.0012543646937601533,0.00096636008140833,0.0014902092363509537,0.00169484975674366,-1.0715136106222511,-2.5868626910316035,1680822921.6393936
0.000651918965189069,0.0019097756924995842,0.0016248472969379467,0.0006692194222486639,0.00025653142791548354,6.397181529655102e-05,0.001230011905639639,0.0014509531585937113,0.0004223964961306104,0.00010412482803067591,0.00011081955182582754,0.000264100379566926,0.001248577685220103,0.0009618471472561511,0.0014835985660203454,0.0016884740155878857,-1.075340444945902,-2.5961014863567162,1680822921.646019
0.0006533353902477234,0.001915671908269339,0.0016295897797146148,0.000671343865801698,0.00025673527265433055,6.404162636133788e-05,0.001229466266740092,0.0014504652739733188,0.0004216627746287465,0.00010525134282985143,0.00011248280106465454,0.0002654662087578977,0.0012518032748065988,0.0009636011858737189,0.0014881368161319376,0.0016920506684564526,-1.0791672792695528,-2.605340281681829,1680822921.653915
0.0006636437189341869,0.001929743688839097,0.0016422917100771236,0.0006799919162302432,0.00025971653745931035,6.39503029740035e-05,0.0012324877281567068,0.0014576685024672606,0.00042416017473472726,0.00010649988495803975,0.00011242248023867726,0.0002678753734608864,0.0012611543135764348,0.00097755658839182,0.001498752696018975,0.0017045171232617541,-1.0829941135932037,-2.6145790770069417,1680822921.6609192
0.0006520684573079583,0.001922994864947229,0.001634545256926493,0.0006702607341520426,0.0002572717969105238,6.39426893331711e-05,0.0012401864014043634,0.0014622228718375494,0.00042643574389992405,0.0001039860274679546,0.00011106123540801251,0.0002653320642430626,0.0012572138082100482,0.0009618062473998164,0.0014944404779868759,0.0017003251446854014,-1.0868209479168547,-2.6238178723320544,1680822921.666387
0.0006513673323048847,0.001909500060013903,0.00162342579102974,0.0006690580998219042,0.000255663221251453,6.397646556203989e-05,0.0012235967782881479,0.0014440328658913268,0.0004197844372038058,0.00010471082132228375,0.00011220329431492016,0.0002650968291258431,0.0012452433345395931,0.0009598308022018822,0.001483605479839353,0.0016830567580646718,-1.0906477822405056,-2.6330566676571676,1680822921.6733954
0.0006454731908503919,0.001894580087745739,0.0016106976915664017,0.0006630354323006762,0.0002536574268261934,6.392899411207562e-05,0.0012234927796290573,0.0014401418763853695,0.00041986065924586437,0.00010253250617854202,0.00010997670827464928,0.0002618080718193532,0.001235563019789649,0.0009510425365644322,0.001472683676838513,0.0016715274565902733,-1.0944746165641563,-2.6422954629822804,1680822921.680398
0.000658445157995402,0.0019226009278322973,0.001635409785674508,0.0006761472948508324,0.0002581165110326664,6.406240104465892e-05,0.001231153947359147,0.0014548182248880174,0.0004222480583448655,0.00010573680526388469,0.0001126317125455132,0.0002674138544481113,0.0012555055393414073,0.0009695490718894672,0.0014942538256295596,0.001696370585015664,-1.0983014508878075,-2.6515342583073935,1680822921.6874764
0.0006674304646621663,0.0019341308416122255,0.00164694496611903,0.0006836807568881045,0.0002605812230093104,6.406336192347434e-05,0.0012337770252101431,0.0014611120178593567,0.0004245062535393513,0.00010687220188600713,0.00011213010092222195,0.0002691906520454357,0.0012635487269282192,0.0009816591748795529,0.001502729370936518,0.0017072647551522617,-1.1021282852114582,-2.660773053632506,1680822921.694681
0.0006572757064283964,0.001924808817606507,0.0016374667316628193,0.0006751912896932714,0.0002573550504445113,6.402739532075079e-05,0.0012370375784026158,0.0014597774445290002,0.00042403410329741977,0.00010538579217317327,0.00011201109370230946,0.0002665376182683783,0.0012576430753447187,0.0009668814683812201,0.0014962350296789512,0.001699880168292595,-1.1059551195351092,-2.670011848957619,1680822921.7017114
0.0006711928269463405,0.0019510512515096715,0.00166075509449829,0.0006891317067103559,0.00026335739173603183,6.406525638499584e-05,0.0012428690206778945,0.001473744545455271,0.0004267717656700038,0.00010818150370505895,0.00011360276037831893,0.000272776067377692,0.0012755793013488185,0.0009872171224223085,0.0015157212196124303,0.0017219193609275538,-1.10978195385876,-2.6792506442827317,1680822921.708668
0.0006602456376897805,0.0019314707312704019,0.001642994101952684,0.0006778243350041211,0.0002580105977213109,6.41452457729906e-05,0.001236796400602932,0.0014619744569663493,0.00042494230351317335,0.00010606207969957572,0.00011266189781849544,0.0002678166400822096,0.0012618076975358084,0.0009697015078736964,0.0015015525493227726,0.0017042523521466973,-1.113608788182411,-2.688489439607845,1680822921.7150526
0.0006626339896503652,0.0019327557976089288,0.0016442296770576312,0.0006798161714631916,0.00025826945946043383,6.419166102346846e-05,0.0012319217042271245,0.0014580022988895775,0.0004221049000843453,0.00010749419748066519,0.00011412089403461474,0.00026921854076182377,0.0012621211196685125,0.0009727505540439615,0.0015020991763234845,0.0017034334163183184,-1.1174356225060618,-2.6977282349329577,1680822921.7220654
0.0006649727355702299,0.001924077007549457,0.001638993802460779,0.0006808363648508858,0.000259197409512412,6.408992956269512e-05,0.001228712836419117,0.0014559302638077864,0.00042212273439484337,0.00010638812901980303,0.00011165915634592238,0.00026841810106795975,0.0012568442364671467,0.0009751908067791488,0.0014954196518042256,0.0016971123003652413,-1.1212624568297127,-2.706967030258071,1680822921.7290666
0.0006625927864146039,0.001923477664313989,0.0016377984326251941,0.0006792053541462051,0.0002579591713624076,6.414338547301138e-05,0.0012274650212837001,0.001453876789397361,0.0004209840360317155,0.00010659606177457171,0.0001130448525809337,0.0002680555399891171,0.0012558816428205396,0.0009719175910951745,0.0014950262220031565,0.0016954405924185258,-1.1250892911533636,-2.716205825583183,1680822921.7372444
0.0006762320663745666,0.0019510960279066321,0.0016630107691691426,0.0006929666403775453,0.00026326398178981613,6.414023184125048e-05,0.0012379433718745587,0.0014720736649322908,0.00042548250110520055,0.0001090168718681734,0.0001140287871102804,0.0002732109469630187,0.0012752560074011019,0.0009919059291601398,0.001515920245268669,0.0017204171942595302,-1.1289161254770146,-2.7254446209082963,1680822921.7424574
0.0006605045230033133,0.0019253794737292482,0.0016387788308819236,0.0006779029771665751,0.0002571787561497071,6.415957334107497e-05,0.001235652968310725,0.0014597968712864776,0.0004232710569053171,0.00010598249511692683,0.0001122459371298927,0.0002668774706688239,0.0012585078679247777,0.0009680351396527924,0.0014968888910787779,0.0016997696600879895,-1.1327429598006653,-2.734683416233409,1680822921.750492
0.0006676386851120753,0.001929317171126525,0.001644264965850131,0.0006850338139847564,0.00025981028858389416,6.418726244959518e-05,0.0012254905595141142,0.0014543618264647098,0.0004203088305469122,0.00010788017888052982,0.0001139115014533152,0.0002702853482540497,0.0012599769654253851,0.0009781379166738922,0.0014988599272383256,0.0016995799492716302,-1.1365697941243165,-2.7439222115585222,1680822921.7563443
0.0006629944590700991,0.0019158418544499075,0.0016321468087518375,0.0006802459879042973,0.0002579824431595128,6.419735026091299e-05,0.0012259417590180554,0.0014500140052595787,0.00042052155675198363,0.00010597576613469086,0.00011216787039376872,0.00026703638689205676,0.001251266442779943,0.000970294164676333,0.0014892379899393955,0.0016889297333795006,-1.1403966284479672,-2.753161006883635,1680822921.7643578
0.0006623476546448528,0.001915781500124563,0.00163172902695797,0.0006793390321909272,0.00025614989920964983,6.43008485534861e-05,0.0012230706154252138,0.0014468029521403174,0.0004182903781568326,0.00010703514104679243,0.00011360443643878328,0.00026627098286319224,0.0012507850674846935,0.000969080381974599,0.001489070692630976,0.0016877072597062941,-1.1442234627716181,-2.7623998022087477,1680822921.7702997
0.0006698816112410952,0.0019404625834928495,0.0016528736332329405,0.0006870723921833992,0.0002591263768225533,6.432204587676496e-05,0.0012390155400101048,0.0014667749910170036,0.00042453432775880134,0.00010817397690691196,0.00011399737062158687,0.00026902320959102917,0.0012687795558811046,0.000979800930147553,0.0015083843242476467,0.001711835507888425,-1.148050297095269,-2.7716385975338604,1680822921.7773006
0.0006545581571710938,0.001919016827055987,0.0016316553945638003,0.0006728876091435416,0.000254098002535992,6.431639657535284e-05,0.0012425134779993853,0.00145958036519951,0.0004234460306486709,0.00010518355435418814,0.00011237708398945158,0.00026385142992516,0.001255396504234072,0.0009577423199224074,0.0014931780284055212,0.0016954704459035501,-1.15187713141892,-2.7808773928589736,1680822921.7843635
0.0006665227611649603,0.0019387538835235986,0.001650622103242733,0.0006849846901757897,0.0002594018812848015,6.433392897026823e-05,0.0012429984414820798,0.0014672833752480332,0.0004239958675475964,0.0001077705273511642,0.00011422041666153519,0.0002695912965704391,0.0012685858853613227,0.0009750569361464612,0.001507381111917674,0.0017109022629697138,-1.1557039657425707,-2.7901161881840864,1680822921.7910645
0.0006551199147641674,0.001914965336195939,0.001630117525406859,0.0006727386305500434,0.0002538540468949962,6.428469245463096e-05,0.0012400369035186387,0.0014583672687625796,0.00042443068490074094,0.00010427388006793791,0.00011082901389367796,0.00026235568699163896,0.0012526462335432382,0.0009571713766012534,0.0014902913497109515,0.0016928779358515065,-1.159530800066222,-2.7993549835091995,1680822921.7991464
0.000662579069039377,0.0019232068192982202,0.0016380443327822809,0.000680114174002645,0.00025646666063354516,6.432258924934475e-05,0.0012368963797589102,0.0014578253267917745,0.00042243051807754013,0.00010650182410173765,0.00011270552434012542,0.0002658315804112711,0.0012580824629984803,0.0009675028689976126,0.0014957747642221778,0.0016980926022010937,-1.1633576343898726,-2.8085937788343123,1680822921.8072197
0.0006549570076848406,0.0019051138562666719,0.0016218737004237483,0.0006722621768945135,0.0002537020275472709,6.427852446601415e-05,0.0012349708506879627,0.0014512165972259286,0.00042216347914496684,0.00010391516401135786,0.00011022672934337779,0.0002618573386625723,0.0012456966865675852,0.0009559996068327607,0.0014824072118109317,0.0016831456254088888,-1.1671844687135235,-2.817832574159425,1680822921.8135529
0.0006541303165633115,0.0019082318376448194,0.0016240245827693976,0.0006715428160300778,0.0002518866364465901,6.4349853025359e-05,0.0012338932724209346,0.0014504587596530102,0.0004212312574361031,0.00010477425714625229,0.0001116888526742817,0.00026109297532535297,0.0012474074469459278,0.0009548680248273883,0.0014848269832001216,0.0016850825223398305,-1.1710113030371745,-2.8270713694845377,1680822921.8195863
0.0006717015431890608,0.0019380113663794365,0.001651082108555741,0.0006881067684751439,0.00025820691831314593,6.431602214177756e-05,0.001241268302803885,0.0014680299862089336,0.0004252762156009664,0.00010795769155923158,0.00011307913724466713,0.0002671977375327938,0.0012681502394639318,0.0009795616037755993,0.00150701030652389,0.0017113477412627797,-1.1748381373608254,-2.836310164809651,1680822921.8267934
0.0006567266859857021,0.001919654241314916,0.001633325879048564,0.0006740963849974811,0.00025394839203705347,6.42865074533859e-05,0.001243252780070447,0.0014633698417132865,0.0004259456515945792,0.00010445102358075467,0.00011080749337070037,0.00026242368873543296,0.0012564779616342195,0.0009581972633298388,0.0014939492007890979,0.0016974105980735012,-1.1786649716844761,-2.8455489601347637,1680822921.832873
0.0006585271328150795,0.0019114412095753304,0.0016274661291313254,0.0006757756564266333,0.00025474899049147503,6.428373323634583e-05,0.001230155342381914,0.0014496621047463973,0.0004202062827405516,0.00010576085981464279,0.00011237176676322053,0.00026429960128485194,0.0012503435633228017,0.000959470439022667,0.0014856700176981944,0.0016871762395330153,-1.182491806008127,-2.8547877554598764,1680822921.8408716
0.0006510659009942278,0.0019030283903128887,0.0016195183427292915,0.0006685645083290718,0.00025194588426236537,6.422066527367909e-05,0.001232683539558943,0.001449724417839799,0.00042210865951907084,0.0001036084901042707,0.00011065190834951321,0.0002607129218700865,0.001245004201939311,0.0009485847631588354,0.0014799621789491442,0.0016815046968214314,-1.186318640331778,-2.864026550784989,1680822921.8491256
0.000655440968831729,0.001904621406198588,0.0016216582845037157,0.0006725534318793963,0.0002531444032039482,6.423394663717093e-05,0.0012261613402423375,0.0014445831045924523,0.00041887471980639213,0.000105258477377361,0.00011227034033647944,0.0002629302739685764,0.0012456379245909923,0.0009542210401317734,0.0014803084788435998,0.0016807101922330645,-1.1901454746554287,-2.873265346110102,1680822921.8560956
0.0006614468337700427,0.0019102130745565428,0.0016268931518035148,0.0006768685106120362,0.0002537648353655897,6.420330464607105e-05,0.0012272328384467278,0.0014473680798938872,0.0004203998243630981,0.0001059144822887359,0.00011181651119478736,0.00026281261959532336,0.0012494553275055487,0.0009618586768875971,0.0014847351210911343,0.0016864302647714192,-1.19397230897908,-2.882504141435215,1680822921.8610756
0.0006481007925196117,0.0018984375705227963,0.0016141037028511653,0.00066509347332737,0.000250016381462851,6.421688004383423e-05,0.0012347730473288938,0.0014482551634387164,0.00042109404304113696,0.0001035085903370058,0.00011066096221412636,0.00025907657063310827,0.0012426205718943843,0.0009430859795779375,0.001476725624796197,0.0016785909293222272,-1.1977991433027306,-2.891742936760328,1680822921.8679018
0.0006636847528260939,0.0019236297980453837,0.0016381853208193575,0.0006806781464082135,0.0002562217776738193,6.42483822953528e-05,0.0012375048803944175,0.0014597324462487257,0.0004226382969395872,0.00010649440354811879,0.00011284651759892,0.00026555701411332924,0.0012590842583891702,0.0009653879704097566,0.0014950104321119072,0.0016987382075775426,-1.2016259776263816,-2.900981732085441,1680822921.875273
0.0006540271315402617,0.0018997567341186947,0.0016183799771796509,0.0006712377700211949,0.0002530078234479219,6.41716371552804e-05,0.0012309689222370459,0.0014462201879572357,0.00042112255385608633,0.00010352332255415539,0.00011058311735881395,0.0002612887747009996,0.0012419135096667243,0.0009509583315665495,0.0014768635183960287,0.001677323560350362,-1.2054528119500325,-2.9102205274105537,1680822921.8812861
0.0006674314473711657,0.001918340969912011,0.0016357807508632965,0.0006844794774212429,0.0002571747218303352,6.431652258108348e-05,0.0012269098158407428,0.001449044322988902,0.00041793937886466673,0.00010793023766630096,0.00011463066737210779,0.00026741572247197554,0.0012550516210696851,0.0009700244284461565,0.0014899321793815094,0.0016917902731018036,-1.2092796462736835,-2.9194593227356664,1680822921.8886795
0.0006719749211017037,0.00192148608856789,0.0016394113863364783,0.0006875772165204294,0.00025792492727267415,6.428679213250025e-05,0.001227898944924048,0.0014512882746541107,0.00041925075831001794,0.0001081790464333679,0.00011367048700598754,0.00026713232433207503,0.0012574930189978933,0.000975756134650292,0.0014920537839604208,0.0016955199484398865,-1.2131064805973342,-2.928698118060779,1680822921.895119
0.0006618809645185726,0.0019133883308613269,0.0016304184546478448,0.0006791110705291751,0.00025472429873683297,6.424810300813987e-05,0.001230633176277586,0.0014482964917389087,0.00041805117208669425,0.00010707765262047949,0.00011435073629132496,0.0002648325269916206,0.0012521197712559275,0.000961770967234556,0.001486030341779684,0.0016886485053782963,-1.216933314920985,-2.9379369133858924,1680822921.9031851
0.0006760475592495416,0.0019426321152497916,0.0016564507071737376,0.0006934048554799461,0.00026056947870729656,6.430990404923521e-05,0.001241400547451782,0.0014670064714131553,0.00042241010601504236,0.0001097920850950303,0.00011549486143728089,0.00027050460547595537,0.0012725829902106944,0.0009824337582774777,0.0015081862803718335,0.001714878902222103,-1.220760149244636,-2.947175708711005,1680822921.909151
0.0006631729956675102,0.0019265688877995054,0.0016403921301854476,0.0006805446077290789,0.00025736834297824987,6.423387983130806e-05,0.0012452173370364058,0.001465245515164788,0.00042495890770302247,0.00010610768011135144,0.00011226990576496933,0.0002661788615152761,0.0012621781305618088,0.0009643591720014561,0.0014966581976715303,0.0017032101749257737,-1.224586983568287,-2.9564145040361183,1680822921.916541
0.0006717780362071968,0.001934739824652649,0.0016490716036729144,0.0006891321388577409,0.0002607965314522954,6.428595840915014e-05,0.001238469026841551,0.0014634433539284593,0.00042278835582707424,0.00010827747052884797,0.00011435519391458036,0.0002702086700058205,0.0012671449724043111,0.0009767934235619664,0.001501804252226958,0.00170771938293432,-1.228413817891938,-2.9656532993612306,1680822921.923558
0.0006645601054670562,0.0019175910744085808,0.0016347937006485598,0.0006822011445370751,0.0002588397268033166,6.420052796318309e-05,0.0012363303821069987,0.0014567924215775636,0.0004226090664144244,0.00010584623274087612,0.0001121236513870649,0.0002669196529146442,0.0012555858365048396,0.0009664013313850752,0.0014887829647705075,0.0016938688544636223,-1.2322406522155889,-2.9748920946863437,1680822921.9305573
0.0006602309298397329,0.0019131942769569975,0.0016300381288061512,0.0006779033165529771,0.00025543157588342827,6.425585408178116e-05,0.0012364553784458697,0.001452503617189212,0.0004207103965947906,0.00010585744894759697,0.00011319023538492003,0.0002642456612796053,0.001252344310010821,0.00096048462791084,0.0014854458848218,0.0016902259554807092,-1.2360674865392396,-2.9841308900114565,1680822921.937574
0.0006729151831694494,0.0019351739955393867,0.0016500829650593495,0.0006893771329994906,0.00025890889977606124,6.424121580726667e-05,0.0012376759439915337,0.0014597435258700353,0.000422134553467369,0.0001087779783893399,0.00011486684423197897,0.00026829162511011703,0.0012665503768683464,0.0009782241821616913,0.0015016026502518267,0.0017083013492927496,-1.2398943208628905,-2.9933696853365697,1680822921.944626
0.0006614467449287908,0.0019217749406500572,0.001636519320511277,0.0006795074523480981,0.00025530926089789997,6.425560962602439e-05,0.0012373335516966506,0.0014539249771617665,0.00042045965446539337,0.00010716882490693085,0.00011478294972904392,0.0002651162562422809,0.001257373930212491,0.000962334162563842,0.0014918280936244068,0.0016964501191595795,-1.2437211551865415,-3.0026084806616824,1680822921.952548
0.0006718626476143875,0.0019411704845711515,0.0016542086716736396,0.0006900029707034909,0.00026025045908615707,6.423982696873881e-05,0.0012413720690813853,0.0014644527997907328,0.0004225384957744741,0.00010916169304002182,0.0001159545640775523,0.0002703968744462701,0.001271132804046246,0.0009775341019492559,0.0015059977229664812,0.0017132310243906448,-1.2475479895101924,-3.011847275986795,1680822921.9575255
0.000661716014292324,0.0019278141162005985,0.0016407917334403481,0.0006804544504854897,0.00025726310236284697,6.418814988035456e-05,0.0012433957838773656,0.0014624312733392917,0.0004244375731286497,0.00010607936447341442,0.00011334651289191548,0.0002663995920295399,0.0012610681671097826,0.0009633777954659988,0.00149664993488127,0.0017021571175707118,-1.2513748238338431,-3.021086071311908,1680822921.9655313
0.0006635023390187528,0.0019252937272715197,0.0016389979732889077,0.0006819857410167612,0.00025737730115283654,6.427094764988466e-05,0.0012358698462210127,0.0014545579020407856,0.00042042205989426624,0.00010753276554326546,0.00011495547565013672,0.00026767332097403615,0.0012586245841390564,0.0009657171398115539,0.0014939731906906673,0.0016976536243328373,-1.2552016581574943,-3.030324866637021,1680822921.9715374
0.0006647373280512428,0.0019121522069078557,0.0016300366537000794,0.0006823878076948569,0.0002579000016489565,6.411717093380338e-05,0.0012288296805154045,0.0014475218093717888,0.0004183681926029046,0.00010683030769975879,0.00011341728720605137,0.0002668384329054292,0.0012500803556380643,0.0009669351364457478,0.0014831659869080547,0.0016867270505377457,-1.259028492481145,-3.039563661962134,1680822921.9796383
0.0006619937880076636,0.001912664209625308,0.0016293054347440979,0.0006802817812333678,0.0002562420978402328,6.416562766355689e-05,0.0012304680650522726,0.0014467258220448058,0.000417921161807758,0.0001070252950214942,0.00011446511352404971,0.0002659491488517046,0.0012502275004231773,0.0009632126329706467,0.0014837597524925412,0.0016871873901322942,-1.262855326804796,-3.048802457287247,1680822921.9856267
0.0006775423821438934,0.0019417660644380989,0.001655934422379085,0.0006959288056507562,0.0002626021956257758,6.41933723488105e-05,0.001238060498034855,0.001463245661437648,0.00042143635940264824,0.00010996151710336879,0.00011597649172735923,0.00027242018917833055,0.0012698816550081736,0.0009859360032412616,0.0015052883960634238,0.0017121026628891508,-1.266682161128447,-3.0580412526123597,1680822921.9925733
0.0006598263878617598,0.001920386865974653,0.0016339148644758182,0.0006786495352269962,0.0002563953181781344,6.413619172066277e-05,0.00124214833492768,0.001456615633626,0.0004215667484073112,0.00010654244792931422,0.000113917772705463,0.0002661244726834073,0.0012560620663407463,0.0009601373972187968,0.001489584156001382,0.0016959438309900074,-1.2705089954520978,-3.0672800479374724,1680822922.0005136
0.0006667654572544021,0.0019243614512858558,0.0016393563540225196,0.0006855766378473612,0.00025907741687628184,6.413285677537416e-05,0.0012318600486082416,0.0014511448770634656,0.00041850849386823537,0.0001083119069131186,0.00011565079673155175,0.00026957578976605673,0.001257296931844459,0.000970167624892038,0.0014913515631824362,0.001695575182668807,-1.2743358297757486,-3.076518843262585,1680822922.0062356
0.0006608918588374335,0.0019162702221950602,0.001631414252705295,0.0006800895743760949,0.0002580131504240351,6.406378613493201e-05,0.001236099414558569,0.0014531613782937398,0.00042047353519655156,0.00010627069072059427,0.00011368681336231627,0.0002671725075000639,0.001252106123385978,0.0009621164852244968,0.0014855588991201654,0.0016905807443389018,-1.2781626640993995,-3.085757638587698,1680822922.0143096
0.0006602476552557024,0.0019173456765515906,0.0016319516388493673,0.0006792531622553978,0.00025628568665905224,6.412649346239222e-05,0.0012332310134802861,0.0014505409773468204,0.0004185085483313269,0.00010727248875747538,0.00011508130492085748,0.0002665556495933788,0.001252076996004272,0.000961198558292785,0.0014861592030694574,0.001690175949054012,-1.2819894984230504,-3.094996433912811,1680822922.0202496
0.0006704820763661286,0.001934469404153962,0.0016490396879052654,0.0006888461346877187,0.0002592559969487697,6.413147682342615e-05,0.0012369353101530992,0.0014598071943520508,0.0004219268567889943,0.00010855946963782279,0.00011491991753813769,0.0002690565053775062,0.001263826316171244,0.0009761861814910755,0.0014988774701268498,0.0017058079795033067,-1.2858163327467012,-3.104235229237924,1680822922.0282001
0.000659174349566456,0.0019227631996652824,0.001637116953573722,0.0006792773984093133,0.00025566178562257846,6.414981803733527e-05,0.00124028777847557,0.0014571572560560205,0.0004213777391369684,0.00010669963350986055,0.0001143809779028636,0.0002657397721229833,0.0012563535783438591,0.0009606595902197809,0.0014905590040999574,0.0016968741949874718,-1.2896431670703523,-3.1134740245630366,1680822922.035146
0.0006592963583166604,0.001920443641148299,0.0016352700487360203,0.0006800895743588459,0.00025810178947816394,6.418197138780921e-05,0.0012396449722285163,0.001455990437167181,0.0004217144802472224,0.00010605647985305522,0.00011357601478757924,0.0002674384242071802,0.0012554448562486973,0.0009610084976654549,0.0014885430765002377,0.0016952342875105513,-1.293470001394003,-3.1227128198881493,1680822922.0421298
0.0006469368072127926,0.001900748920958003,0.0016174641162385586,0.0006680856668339782,0.00025393895317239506,6.414110833457384e-05,0.0012358764320348447,0.0014474795033608714,0.00042154232567278053,0.00010305775747615684,0.00011137686751378586,0.00026267020448552807,0.0012416769066080924,0.0009435092922995862,0.0014742227659400081,0.0016787126193874497,-1.297296835717654,-3.1319516152132625,1680822922.049129
0.0006490428499189492,0.0018977919708961458,0.0016153637464653055,0.0006700737367293391,0.00025406756236120233,6.41689500558699e-05,0.0012279067975952546,0.0014390562662278557,0.0004174909836142889,0.00010432953777159742,0.00011303413979841005,0.000263895594339474,0.0012386932715539986,0.0009465312935997174,0.001471242862197822,0.0016733499177554647,-1.301123670041305,-3.141190410538375,1680822922.0551386
0.0006541002903780662,0.0019006487889045908,0.0016186355808743235,0.000674003830337624,0.0002544417317706594,6.399984989745762e-05,0.0012279919454603679,0.0014417386508554276,0.0004191858491382826,0.00010426595269832507,0.00011197151879479277,0.0002632534695111276,0.0012404833858217941,0.0009538573739129268,0.0014736294552555147,0.0016769315087379571,-1.3049505043649559,-3.1504292058634884,1680822922.0623584
0.0006469450506072073,0.0018931524424454975,0.0016109635833563782,0.0006680333716288268,0.00025207717509186925,6.407604933062509e-05,0.0012277473286809095,0.0014377180531426445,0.00041766416197192176,0.00010352306308281963,0.00011267121296388494,0.00026143589763387795,0.0012351251158208064,0.0009440454741022743,0.001468227478591906,0.0016698143499243574,-1.3087773386886066,-3.159668001188601,1680822922.069471
0.0006688803924842922,0.001941497609720695,0.0016549907437297094,0.0006911524413207601,0.00026101432692877556,6.418986390910928e-05,0.0012443883692607972,0.001468121219676355,0.0004241299418647621,0.00010819109965285192,0.00011525565177643451,0.0002707565152021241,0.0012690886227268842,0.0009775199282723995,0.0015046030642403227,0.0017125488821485102,-1.3126041730122577,-3.168906796513714,1680822922.0765278
0.0006533150558714303,0.0019241013830897454,0.0016375252162609231,0.0006766993094692332,0.000256584151822929,6.41724992173669e-05,0.0012480976497884994,0.0014640220779389946,0.0004247874702228086,0.00010489270293820642,0.00011311839476387404,0.00026595902303330044,0.0012580697847368034,0.0009555714569839492,0.0014921618040791467,0.0016995430099140162,-1.3164310073359085,-3.1781455918388266,1680822922.083055
0.0006565365966783722,0.0019222537165851403,0.0016365652522630867,0.0006800731845591141,0.000258119113474838,6.416167920462169e-05,0.00123928653073733,0.0014571722234495302,0.00042127226945739584,0.0001060995988051222,0.0001142086595076142,0.000268114004192188,0.0012563170056776925,0.0009606409050513493,0.0014898260581690391,0.0016956424514551216,-1.3202578416595594,-3.18738438716394,1680822922.090065
0.0006497476322582577,0.0019070897918584755,0.0016230733132926026,0.0006732359155159009,0.00025613163923360056,6.40535069932664e-05,0.0012385800122499558,0.0014524387342647004,0.0004212087322469782,0.00010390719238793576,0.00011216104637097935,0.00026487982748249397,0.0012463395300363284,0.0009506987493219716,0.001478615880201721,0.001683846253153755,-1.3240846759832103,-3.1966231824890525,1680822922.0970645
0.0006532254016111774,0.0019118015451355971,0.001627642194441487,0.0006756441705067002,0.0002551528752439572,6.410916815695276e-05,0.0012336191434136393,0.0014504121553022638,0.0004206086690855664,0.00010525670579962225,0.00011292280874035127,0.00026448424850439376,0.001248437826606502,0.0009554459512052234,0.0014819128672940126,0.0016870343281788832,-1.3279115103068613,-3.2058619778141657,1680822922.1045318
0.0006648679189977332,0.0019299407483141667,0.0016443540830689547,0.0006860325444846803,0.00025841811161882736,6.415762696983598e-05,0.0012384247301112092,0.0014611435638950748,0.00042374506063130006,0.00010709783129252873,0.00011298862583816385,0.0002671147672608555,0.001260992278833567,0.000971905833720796,0.001495575673369969,0.001703646716505489,-1.331738344630512,-3.215100773139278,1680822922.1105306
0.0006488635891153677,0.0019123222225494582,0.0016263586819571711,0.0006714882995896191,0.00025392552230005976,6.417743552623665e-05,0.0012441718859935844,0.0014580576742637232,0.0004238253201287327,0.00010408458643454544,0.00011137658969531806,0.00026244975933612967,0.0012502550494261713,0.0009493955448266489,0.0014832092354711156,0.0016909962590197767,-1.335565178954163,-3.224339568464391,1680822922.117536
0.000663214447157747,0.0019363902256775774,0.0016485239457419898,0.0006862533376096187,0.00026036342484608285,6.421079459146429e-05,0.0012456205062725443,0.0014697478592571296,0.0004251409224478495,0.00010715780318883264,0.00011340436731612682,0.0002692539210143911,0.0012674909691964035,0.0009707416847938193,0.0015010106401166707,0.0017114315042290019,-1.3393920132778139,-3.233578363789504,1680822922.1253781
0.0006531963740457399,0.0019127016005788013,0.0016287413802058464,0.00067667479693631,0.00025714536023307673,6.411682076434487e-05,0.0012390242334020718,0.0014564096112330985,0.00042370577408592846,0.00010410025919450066,0.00011117383617959863,0.00026500489244651366,0.001250397432717826,0.0009560811219390096,0.0014830626636515042,0.001690007197288328,-1.3432188476014648,-3.242817159114617,1680822922.1313744
0.000656872554256392,0.0019224424824692895,0.001637242898787155,0.0006806781470220699,0.0002582179440519811,6.418159617959064e-05,0.001237720076972901,0.0014587232317421746,0.00042245278023672833,0.00010625694115776512,0.00011315818695639344,0.00026744187028892707,0.0012573997575425129,0.0009619225079793298,0.0014902166580052082,0.0016984859022551855,-1.3470456819251158,-3.25205595443973,1680822922.139373
0.0006605679373110445,0.001924706429946557,0.0016394601536317956,0.0006830295380956102,0.0002583503708397107,6.413347624389415e-05,0.0012384026932628685,0.0014604466311097214,0.0004237861962014807,0.00010642356305641555,0.00011213245647274936,0.00026658552907938085,0.001259063086452404,0.0009666119996141019,0.0014918684416525376,0.0017017771648956666,-1.3508725162487667,-3.261294749764843,1680822922.1452634
0.0006526908304554033,0.0019176836937962439,0.001631969705991043,0.0006765211654636409,0.00025627350092655523,6.411616846032492e-05,0.0012384126141439065,0.0014569884542137187,0.0004225049628038332,0.0001056372706015962,0.00011278416361146269,0.0002653247648632887,0.001253846077212424,0.000955838250793563,0.0014866201176299988,0.0016944462058475,-1.3546993505724174,-3.2705335450899553,1680822922.1533246
0.0006660920957978413,0.0019459281974944615,0.0016573258505441653,0.0006902777512914327,0.0002620049431077539,6.411957670934498e-05,0.0012492241466722643,0.001475521417481586,0.0004269043769411784,0.00010812098497434123,0.00011397271752363903,0.00027104715884621223,0.0012737802539948676,0.0009756140230028369,0.0015079327571466444,0.0017198350659322493,-1.3585261848960684,-3.2797723404150685,1680822922.1592596
0.0006525850240454506,0.0019258201611670454,0.0016380345932805883,0.0006764833671206893,0.00025728604926313444,6.405921366857417e-05,0.0012498832713840175,0.001468538525440081,0.0004266291174657095,0.0001049851247987595,0.00011180489453175321,0.0002659054836599074,0.0012603460769229418,0.0009563708348209492,0.0014933111893859984,0.001704017329973881,-1.3623530192197193,-3.2890111357401812,1680822922.1671283
0.0006609277386004256,0.0019326788981989947,0.0016459943635348103,0.0006848237495001468,0.0002605888734422555,6.410556878992759e-05,0.0012413838038699855,0.0014655543478457203,0.00042424238169851125,0.00010715292079042135,0.00011349666095892108,0.00026986049714923017,0.0012644690109482326,0.0009685578929195366,0.0014975808486773292,0.0017073221973005785,-1.3661798535433702,-3.2982499310652944,1680822922.1735752
0.0006443911024522414,0.0018956508702189954,0.0016142708555454488,0.000668398442767672,0.00025435749427518705,6.394343063867291e-05,0.0012313488482354044,0.0014457626365507056,0.00042093173122864934,0.0001028592297206121,0.00011094543059207095,0.00026248176870480365,0.0012381863299408204,0.0009444105109728578,0.0014698080391385853,0.0016746280312265075,-1.370006687867021,-3.307488726390407,1680822922.1805732
0.0006449397303869069,0.0018986947289329906,0.0016163854547322249,0.0006689990628621993,0.0002531782002794149,6.401121129552029e-05,0.0012282859912178823,0.0014429928865719794,0.0004190970253950903,0.00010404184532784283,0.0001125000186537399,0.00026258929955358824,0.0012395793047584019,0.0009453230490554928,0.001471990083594918,0.0016761045737961038,-1.373833522190672,-3.31672752171552,1680822922.1878757
0.0006549792597999452,0.001912638255946269,0.0016291624241496947,0.0006773164395088842,0.0002560090249984532,6.398594609544751e-05,0.0012308935465210331,0.0014502774277990436,0.00042159284596425377,0.00010546345411196203,0.00011216705324564311,0.0002646127963329454,0.0012491938823863682,0.0009593161870319182,0.0014823845658853768,0.0016890707523892388,-1.3776603565143228,-3.3259663170406326,1680822922.1946964
0.0006542114649844457,0.0019202931993034071,0.001635684128516742,0.0006778289414059091,0.00025753412834209516,6.404851957014816e-05,0.001238644022546794,0.0014585382632226083,0.000422760209822472,0.0001056789476835279,0.00011260130991009931,0.0002668108375967337,0.0012558869988936031,0.0009592396700225663,0.0014888337765095697,0.0016964750628633105,-1.3814871908379736,-3.3352051123657454,1680822922.2024786
0.0006668680021537822,0.0019465208451645817,0.0016589657746222846,0.0006907459027694579,0.00026340307561556947,6.410332722113505e-05,0.0012475973922691432,0.0014752293044714418,0.00042639867438492944,0.00010815104741718707,0.00011357991801640017,0.00027273038200944946,0.0012749777884262636,0.0009779964204417884,0.0015086629254788303,0.0017204650686805348,-1.3853140251616247,-3.3444439076908585,1680822922.2084894
0.000656843174511385,0.001926341231021731,0.0016420056908497248,0.000680226226549249,0.00025960881845063256,6.405144738230526e-05,0.0012411200214211765,0.0014654643954408833,0.00042547366205822486,0.0001053259643371844,0.0001115478117082024,0.0002682551445998756,0.0012603478670707153,0.000963824212205757,0.0014940104047882002,0.0017025737760687578,-1.3891408594852754,-3.3536827030159713,1680822922.215744
0.0006584578084114106,0.0019234147832372468,0.0016399959627773925,0.000681497977791742,0.00025940270654010105,6.406052450933135e-05,0.001234041580429331,0.0014579793951158841,0.00042177995992375637,0.00010647725610176175,0.00011296363645372273,0.00026908723590108436,0.0012577874387900104,0.0009659903659144433,0.0014913797480091073,0.0016976676991672431,-1.3929676938089264,-3.3629214983410844,1680822922.2216861
0.0006580033071178183,0.0019171137880081776,0.0016364470653029825,0.0006803724104388452,0.0002589055282955259,6.4053355230384e-05,0.0012322907363062489,0.0014562350436863158,0.0004216188552589727,0.00010575208302971323,0.0001115922195699445,0.00026769830243940124,0.0012543558876522234,0.0009651930950128788,0.0014868107264038445,0.0016935964657182627,-1.3967945281325773,-3.3721602936661967,1680822922.2297552
0.0006546295276108451,0.0019172902858725946,0.0016353502801225491,0.0006777166880443407,0.000257179338531812,6.4136780001381e-05,0.0012342109141038101,0.001455621519798245,0.0004214522064945346,0.00010578887033758562,0.00011247551725335614,0.00026669238036236965,0.0012544791158264675,0.0009606608167776661,0.0014872622260329368,0.0016940350993847999,-1.4006213624562283,-3.38139908899131,1680822922.235696
0.0006680673305983088,0.0019449118411764422,0.0016592545214569492,0.0006898364995405163,0.00026077724048098556,6.42559211717691e-05,0.001241017785171359,0.0014696999259880075,0.0004247287925946611,0.00010885313878258206,0.00011419866956998703,0.0002708475819634838,0.0012733538687210843,0.0009799776495108083,0.0015085207489567603,0.0017184205048227919,-1.404448196779879,-3.3906378843164227,1680822922.243526
0.0006530975350106061,0.0019290603371802854,0.0016437196245958413,0.0006760626301146547,0.000256962805885119,6.419565735112007e-05,0.0012447771428227175,0.0014668906624493824,0.00042549611573768087,0.00010569648780359802,0.00011221289776077891,0.00026669988768755385,0.0012633729357124088,0.0009590235115155907,0.0014974307023050014,0.0017065038947553192,-1.4082750311035301,-3.399876679641536,1680822922.2498252
0.000647672060130157,0.0019038199913902895,0.0016232259353622395,0.0006700321421010306,0.00025482275537064254,6.406515220983632e-05,0.0012279851092089967,0.0014471036269274361,0.0004196549923054262,0.00010429569186408739,0.00011163167533381821,0.0002645796168366003,0.0012452246695602298,0.0009509489928469317,0.0014778193882498832,0.0016818844671919802,-1.4121018654271809,-3.4091154749666486,1680822922.256822
0.0006414576160468512,0.0018886264079673361,0.001610354534975313,0.0006635405223810181,0.000252884879000596,6.39904082300694e-05,0.0012273290576993163,0.0014430655485853094,0.00041974191698637643,0.00010209365076155696,0.00010938388817669634,0.0002613876333141262,0.0012354074267054056,0.0009419109216955718,0.0014666186201598408,0.0016701466157183979,-1.4159286997508318,-3.4183542702917613,1680822922.2638774
0.0006408575730766706,0.001890214366086381,0.0016111853355763467,0.0006628806283920545,0.0002515725393815929,6.40834118502295e-05,0.0012254340074499687,0.001440332727553537,0.00041822693867881816,0.00010304006048072927,0.00011094396693313157,0.00026110257459071776,0.0012359256395595053,0.0009410887875481714,0.001467804859005117,0.0016704841867127191,-1.4197555340744827,-3.427593065616874,1680822922.270229
0.0006556995883490726,0.001920574536836896,0.0016397338935818088,0.0006777919240746259,0.00025772662178190874,6.412255545655074e-05,0.001237081865034073,0.0014600930189363399,0.00042267876987382133,0.00010603432009385937,0.0001121422868098198,0.00026715880737926206,0.0012580044271438637,0.0009630081001086924,0.0014913954220779815,0.0016984814370445437,-1.4235823683981337,-3.4368318609419872,1680822922.278475
0.0006465290512763077,0.0019181660575778158,0.0016350660562174269,0.0006701681970135115,0.0002554425158242053,6.415687800759623e-05,0.0012472610581885173,0.0014654445775012183,0.00042485131444421184,0.00010443153752262129,0.00011167064437453536,0.0002651199827491074,0.0012575841904981,0.0009504272526707306,0.0014905421697245405,0.0016990558200283906,-1.4274092027217844,-3.4460706562671,1680822922.2841752
0.0006566266902786775,0.0019322297036082825,0.0016484761080824758,0.0006801947540913047,0.0002595780439546688,6.416075394266383e-05,0.0012460112095088256,0.0014706250827638996,0.0004249277602274123,0.00010645151869767296,0.00011336091213671602,0.00026960545180138614,0.001266812582896483,0.0009651487171472094,0.0015011610855869128,0.0017096652351890596,-1.4312360370454356,-3.455309451592213,1680822922.292236
0.0006469214701537907,0.00190945299978299,0.0016292382632806161,0.0006701886727494669,0.00025645089717237494,6.406757463020844e-05,0.0012392793971440078,0.00145740563515578,0.0004235879562420493,0.00010361128056768158,0.00011139962099476464,0.00026566898534026884,0.001250800120421277,0.0009506592628379854,0.001484096687234627,0.0016896712764352916,-1.4350628713690863,-3.464548246917326,1680822922.2980516
0.0006585033081724476,0.0019244288768190407,0.0016437753611362304,0.0006798869349030015,0.0002593972289887588,6.409095640646756e-05,0.001235643978273111,0.0014616587836402504,0.00042272169026325696,0.00010662602122435934,0.00011306732227083108,0.00026942618944096066,0.0012606002759589703,0.0009666746743674501,0.001495176018026185,0.0017012377642573369,-1.4388897056927372,-3.4737870422424386,1680822922.3051267
0.0006624764128703766,0.0019267972507454449,0.001646888338738396,0.0006825683501612884,0.00026005700676952153,6.40541747691396e-05,0.0012370360868109024,0.0014645278970474684,0.0004241295362633712,0.00010675437799188538,0.00011200383056260412,0.0002691003161758035,0.0012629194513569435,0.0009719154465057661,0.0014971472836224572,0.0017049265421694845,-1.4427165400163882,-3.4830258375675514,1680822922.3121219
0.000649628167939847,0.0019067993716982362,0.0016282402141851806,0.0006703384534871888,0.0002543874314307521,6.416828942251e-05,0.0012371546888811156,0.0014552699095857365,0.00042155214466933186,0.00010487320046763671,0.0001122634702829311,0.00026358875951731616,0.0012499635132588662,0.0009536151222226346,0.0014834215774974589,0.0016886768513607175,-1.446543374340039,-3.4922646328926645,1680822922.3198924
0.0006651922517459513,0.0019344587845453432,0.0016543707017023816,0.0006853235376303433,0.00025988138164935887,6.41727121393147e-05,0.001244036448743409,0.0014714467978957518,0.0004253968985121175,0.00010753530385850332,0.00011339592787837165,0.0002689928838858385,0.0012686254244545553,0.0009761146215950389,0.0015040837598172176,0.001712441421595556,-1.4503702086636898,-3.5015034282177773,1680822922.326794
0.0006487154092264002,0.0019132191007760482,0.0016332763411148195,0.000669281201808896,0.00025468201858896386,6.416183757731065e-05,0.0012481571426643243,0.00146484274826333,0.00042537730960921446,0.00010398320011696889,0.00011115821939987107,0.00026345582319361235,0.0012553711520386236,0.0009522811489231686,0.001489136423831121,0.0016965724933700064,-1.4541970429873408,-3.5107422235428905,1680822922.3337798
0.0006484510627077619,0.001902001106258082,0.0016251203065323337,0.0006688352413819588,0.0002546228957402043,6.406560337765233e-05,0.0012314458541945348,0.001448484277568359,0.00041921872688712906,0.00010457778457624341,0.00011257774992584332,0.00026474545420113703,0.0012466699399188979,0.000951673933482436,0.0014799571479003602,0.0016826937110419713,-1.4580238773109917,-3.5199810188680027,1680822922.3403282
0.0006421559363458501,0.0018864431374137948,0.0016114797121982145,0.0006620321738506283,0.0002524561842946081,6.396836898227989e-05,0.0012302551541811494,0.0014433671240251843,0.00041916254901961487,0.00010211804352740514,0.00011048738270908549,0.0002613093910119513,0.0012360615221929465,0.0009421593426475952,0.001468528059833582,0.001669898758897997,-1.4618507116346426,-3.529219814193116,1680822922.3473585
0.00064646331713748,0.0018935696672371903,0.001618808046613722,0.0006656841283429704,0.0002519859870314712,6.397970955484658e-05,0.0012271731371440873,0.001443014692152728,0.00041798720090559054,0.00010369351038952123,0.00011227163223879891,0.0002619962220310855,0.0012396550278345492,0.0009482605687069291,0.001474150363403819,0.0016738752279440645,-1.4656775459582934,-3.5384586095182287,1680822922.3546145
0.0006583617853922015,0.0019120401202472263,0.001636358371277226,0.0006764451583204962,0.0002554238970052993,6.397179754140927e-05,0.0012320679752736736,0.001454194552381396,0.0004211333466110075,0.00010548882998834817,0.00011247558659782276,0.0002648167912660261,0.0012525574773769412,0.0009651813127759873,0.001488201747173831,0.001691049360036147,-1.4695043802819443,-3.5476974048433414,1680822922.3605525
0.0006456148614867005,0.001896204555455798,0.0016210254036171223,0.0006646560838247131,0.0002508643178975231,6.401827426243839e-05,0.0012356694029480087,0.0014503244166128105,0.00042079443830675596,0.00010294363377114079,0.00011135836889795914,0.00026011476568165223,0.001242218196558403,0.0009475079201659237,0.0014775930553971822,0.001679164884558508,-1.4733312146055952,-3.5569362001684546,1680822922.3685653
0.000656321492311158,0.0019142666762327531,0.0016381125076528273,0.0006754227734386257,0.0002557202476876433,6.405592304143426e-05,0.0012374520429237169,0.0014589750713977054,0.0004221012893783494,0.0001051977137539354,0.00011280120715544877,0.0002653375221470421,0.001255146636501618,0.0009632524165408959,0.0014909067809893532,0.0016943872448340204,-1.4771580489292462,-3.5661749954935673,1680822922.3745606
0.0006594129020423061,0.0019132311233742583,0.0016385648059690748,0.0006784855188288304,0.00025692024161481984,6.400528649748528e-05,0.0012342739637883323,0.001455038768550792,0.0004212336419180355,0.00010548159754090619,0.00011305021247860643,0.0002663386381314972,0.0012547468090867678,0.0009674194538543282,0.0014900666425861646,0.0016927684719877491,-1.4809848832528971,-3.57541379081868,1680822922.3817596
0.0006618119898489556,0.0019164865410092847,0.0016414292654157517,0.0006806330241271356,0.00025719027481249635,6.411821171688358e-05,0.0012298011900685518,0.001453241820324242,0.0004183825905855324,0.0001072783707696283,0.00011483425953456108,0.0002677990512368345,0.0012568497456344621,0.0009709241968394183,0.0014923721657597437,0.0016943968110622995,-1.4848117175765478,-3.584652586143793,1680822922.389337
0.0006607743652774345,0.0019100703646704941,0.001635877984242413,0.0006784112256338242,0.0002561844731310592,6.407374985652223e-05,0.001230064417832204,0.0014525304303010637,0.0004189899045171355,0.00010633432055795777,0.00011311590553374269,0.00026561080053610035,0.0012529275957836516,0.0009689378344389657,0.0014879857243282788,0.001690225403926866,-1.4886385519001988,-3.593891381468906,1680822922.3963213
0.000657792722311708,0.0019178713379199026,0.00164122781341903,0.0006761069987564626,0.0002558359010299577,6.409996840417252e-05,0.001238380519208428,0.0014615059899790043,0.0004223488906901801,0.00010587106494974689,0.00011318044914393772,0.0002653418139015929,0.0012583496080244496,0.0009650985626590532,0.001494676493356571,0.0016972911633376506,-1.4924653862238497,-3.6031301767940187,1680822922.4032857
0.0006734985272297462,0.001943931827886586,0.0016658208484726408,0.0006911057299309889,0.00026135500352015884,6.409451360747591e-05,0.0012442295679340797,0.0014768424955258013,0.0004259777525489262,0.00010857264093562157,0.0001143701336154023,0.00027069541189231783,0.001276514549817984,0.0009878208385699185,0.0015143804944511912,0.0017206056247784907,-1.4962922205475007,-3.612368972119132,1680822922.4101613
0.0006578671843091851,0.0019236320893852327,0.0016461532027996757,0.0006764182264635293,0.00025684701761297877,6.404999339272688e-05,0.001247147705243769,0.0014702675553740071,0.00042532107454462675,0.00010546080406945316,0.00011265916650835372,0.00026590563411664584,0.001264022312458959,0.0009654556724895671,0.0015000389226173182,0.001705497417164291,-1.5001190548711514,-3.621607767444244,1680822922.4169357
0.0006663596181205244,0.0019300867998477118,0.001653845883864497,0.0006849186546930323,0.0002600083972047201,6.406619032308952e-05,0.0012382871468279097,0.0014668459675918574,0.0004226367925660802,0.00010751207126729224,0.00011451433668294415,0.0002697463994595508,0.001267614817101799,0.0009778543702387258,0.0015040852876088036,0.0017082877422097372,-1.5039458891948025,-3.6308465627693574,1680822922.423844
0.0006607308637073924,0.001914738038999479,0.0016411821786758397,0.0006797329588818041,0.00025816037931795694,6.398635273223823e-05,0.0012348885169163404,0.0014587168849864037,0.00042190045147526484,0.00010565544399704325,0.00011290509245536298,0.00026689639105138575,0.0012571402027825402,0.0009692161901122225,0.0014925461499009454,0.001695376037134107,-1.5077727235184533,-3.64008535809447,1680822922.4309683
0.000660619938395629,0.0019162452347033063,0.0016420304624159916,0.0006794409540413875,0.000256812658664921,6.40229874105023e-05,0.001231248830442922,0.001455839785079508,0.0004196178315927784,0.00010689766951500302,0.00011444259142890757,0.00026671490296005165,0.001257704857253336,0.0009691434657793039,0.0014936845142365285,0.00169555812055242,-1.5115995578421042,-3.6493241534195833,1680822922.437748
0.0006702322873372656,0.0019266575414873144,0.0016520331271570004,0.0006874724092902382,0.00025908453516362877,6.407590948004535e-05,0.0012302084685737226,0.0014589552824159225,0.0004207151893441908,0.00010856306356689786,0.00011433378486420187,0.0002682341215320841,0.0012643645144142757,0.0009822259110034075,0.0015013819767269695,0.001704120917473103,-1.5154263921657551,-3.658562948744696,1680822922.4448552
0.0006583468415434508,0.0019108071643321911,0.0016368963866921678,0.0006769831757194054,0.0002553416999167301,6.4076412114488e-05,0.001229654366626841,0.0014524609379255116,0.00041880940866893834,0.0001066918973614266,0.00011399997005683385,0.0002647644836490017,0.0012536484592120295,0.0009654951561969937,0.0014898531644967291,0.0016902348597087375,-1.519253226489406,-3.667801744069809,1680822922.4524305
0.0006698329163999067,0.0019325822385628036,0.0016567641804155228,0.0006886134210525205,0.0002606264824439319,6.405617049167283e-05,0.0012350962133154193,0.001465002110661791,0.00042139190438606454,0.00010882570606244109,0.00011539773171489178,0.0002702966423497951,0.0012692830195824812,0.0009823070853477792,0.001505983333101631,0.0017093403901988816,-1.5230800608130568,-3.6770405393949215,1680822922.4583895
0.0006567085900184164,0.0019221460405613843,0.0016456790509462769,0.0006768659207788965,0.00025588174286074835,6.399295795243777e-05,0.0012441239973971228,0.0014668381046444622,0.0004244826181556478,0.00010587666514645045,0.00011363930122313186,0.0002650632775576269,0.001262997564090872,0.0009638507590352674,0.0014994576950295817,0.0017035309626618354,-1.526906895136708,-3.6862793347200347,1680822922.4656932
0.0006605762721584462,0.0019238918885818841,0.001647707495471372,0.0006803441979595824,0.0002569209535486284,6.406143111762239e-05,0.0012385960222576358,0.001462089229609712,0.0004210871036990934,0.00010766418460787173,0.0001154720100333834,0.00026721238465496653,0.0012636881711377218,0.000968868992744328,0.0015002280541128146,0.001702874520317975,-1.5307337294603587,-3.6955181300451474,1680822922.4726186
0.0006546444065757365,0.0019097557257370884,0.0016353354006839625,0.0006743473313653785,0.00025484384681238615,6.404752546721418e-05,0.0012384951251757708,0.0014589834320135938,0.00042111750196246095,0.00010571449169192335,0.00011296641698758474,0.00026370235528834957,0.001254947702095053,0.000959917027633613,0.0014894043337539676,0.0016926367725939482,-1.5345605637840094,-3.70475692537026,1680822922.4795794
0.0006505580388707564,0.0019092680131615495,0.001633502283805553,0.0006710151644175052,0.00025282223287301047,6.412551686350656e-05,0.0012409381476101902,0.0014582396443074686,0.0004209317676933703,0.00010562119951514216,0.00011381475955409942,0.0002623852140670481,0.001254617035193037,0.0009542553186942574,0.0014894991135666455,0.0016923107812230921,-1.5383873981076606,-3.7139957206953738,1680822922.4855216
0.0006629650662501955,0.00192762402054641,0.001650164608277802,0.0006826346240084962,0.00025720028772783057,6.413057035221313e-05,0.001243073305586493,0.0014680903897663592,0.00042355507757007015,0.00010753772587858869,0.000114450443223056,0.00026669238014440224,0.0012671572763264137,0.0009719591485384485,0.0015027866378317279,0.0017078467439353374,-1.5422142324313115,-3.723234516020486,1680822922.49348
0.0006469924176364945,0.001910281282612737,0.0016328327940112234,0.000667661475457686,0.00025279146854569073,6.40657245267918e-05,0.0012488182587919124,0.0014650267814010152,0.0004242056440546228,0.0001042036538797381,0.000112460641577992,0.00026192201314627047,0.0012564295783995777,0.000949242254756292,0.0014905421712317647,0.0016950754447324456,-1.5460410667549622,-3.732473311345599,1680822922.5001943
0.0006623039282203536,0.0019233268692126634,0.0016463952197596477,0.0006812544382213066,0.00025641740336949524,6.413469736192686e-05,0.0012369599483488653,0.0014617312784846743,0.00042005299405749005,0.0001082978138068332,0.00011513827583106225,0.00026657099378250376,0.001264264677999765,0.0009705674665181302,0.0014986897758232469,0.0017032681694996023,-1.5498679010786132,-3.7417121066707115,1680822922.506905
0.0006583937984893857,0.0019167433940508172,0.001640871616683875,0.0006777321309354619,0.0002551309351718281,6.408512713099931e-05,0.001239315523938508,0.001461535669975405,0.0004220075392715641,0.0001064795619330974,0.00011338080776165712,0.00026417676394360236,0.0012603160933150272,0.0009649946732259292,0.0014941718914371247,0.0016993021711948298,-1.5536947354022643,-3.750950901995825,1680822922.514916
0.000645390504830042,0.0018925086042492715,0.0016188194778116278,0.0006655648252577071,0.000250922616876349,6.408992972619978e-05,0.0012315288635230837,0.0014449549679115632,0.00041781926538277824,0.00010433748223200955,0.0001126989208627533,0.00026035270451389356,0.001243702773740807,0.0009460918437203934,0.0014754114059685255,0.0016773856549437195,-1.557521569725915,-3.760189697320938,1680822922.5212154
0.0006484518821527549,0.0018942071930070643,0.0016208712864996555,0.0006675885418392328,0.0002518698939248766,6.403103737757022e-05,0.0012324158336709452,0.0014473081559125897,0.0004191040754702549,0.00010426670701765716,0.00011144201695677403,0.00026037091581969276,0.0012452310307169614,0.000949987206911612,0.0014764737750394832,0.0016798766059446598,-1.561348404049566,-3.7694284926460506,1680822922.5291946
0.0006412606751846026,0.0018902480065069286,0.0016155034625880377,0.0006615721694352709,0.0002492010695938569,6.400894488674774e-05,0.0012369977041745935,0.0014472170385475339,0.0004193522116021703,0.00010332971687461509,0.00011147434736821736,0.000258224120193354,0.0012428230059454621,0.0009400538396487323,0.0014740164998096048,0.0016770235516206876,-1.5651752383732167,-3.778667287971163,1680822922.5351274
0.000664748999684532,0.001931552795733687,0.0016535768184394116,0.0006846961244898402,0.00025793125912546244,6.398545060917152e-05,0.0012464888220014574,0.0014704341438161218,0.0004246102441992296,0.00010783609278197244,0.00011351167542445488,0.0002666623499942595,0.0012720739953705578,0.0009743310692713655,0.0015045627207196347,0.0017134857559304377,-1.5690020726968674,-3.7879060832962756,1680822922.5418177
0.0006561911597824634,0.0019151992799638742,0.0016390381673479656,0.0006759978927542638,0.0002549651164799622,6.396053479826933e-05,0.0012436641228988454,0.0014633465549670054,0.0004250453463383007,0.00010518058158413184,0.0001113507814005386,0.0002626565249546848,0.001259908439498609,0.0009618217699676609,0.001492614264176497,0.001699094786486958,-1.5728289070205186,-3.7971448786213893,1680822922.5488095
0.0006505443754290945,0.0018975729479410355,0.0016241614782031987,0.0006699843666220143,0.00025220753596843023,6.413147690629583e-05,0.0012280350705455466,0.0014451100887195511,0.00041806960076865506,0.00010550733241179096,0.00011235085230613454,0.0002614225025381177,0.0012468456038431854,0.0009536428169833228,0.0014783176355978001,0.0016806003955336277,-1.5766557413441695,-3.806383673946502,1680822922.5559506
0.0006494884928735034,0.001890952887526484,0.0016191315226200152,0.0006681866771827493,0.00025132803754910265,6.407465804666128e-05,0.0012274954541533615,0.0014435390571399496,0.00041846521967091094,0.00010469173160829873,0.00011083143295601618,0.0002594061974838989,0.0012428522532972977,0.0009516764923549564,0.0014734078819723855,0.0016765007774184285,-1.5804825756678202,-3.8156224692716147,1680822922.5627842
0.000646286849318999,0.0018923710049533722,0.001619302963927378,0.0006659566065393248,0.00025006933519567645,6.419809214348133e-05,0.0012312413907765247,0.0014445837115942537,0.0004188760887873573,0.00010464484497540504,0.00011172971971358788,0.0002586594769265527,0.0012441157465620054,0.0009478318899324746,0.001474522560808534,0.001678703023625641,-1.5843094099914712,-3.824861264596727,1680822922.5698485
0.000661462859320742,0.0019190941312328589,0.0016437934722748544,0.0006806521572058088,0.00025568543329734176,6.422586145142071e-05,0.0012374556227716185,0.0014598512090700285,0.00042241861083576346,0.00010744661654022165,0.00011287162722425798,0.0002641816307285025,0.0012624286111320036,0.0009697843511339458,0.0014942320357625059,0.0017019143258404405,-1.5881362443151223,-3.8341000599218407,1680822922.576481
0.0006449803193220305,0.0018998278818407664,0.0016246005458860134,0.0006650162334726526,0.00025083511897441634,6.416281250774494e-05,0.001241601010223602,0.0014545347280501958,0.00042275469229753507,0.00010407243793836712,0.00011069185804593381,0.0002590302263593222,0.001250367688249718,0.0009460133539216888,0.0014804717371204718,0.0016873344280100993,-1.591963078638773,-3.8433388552469534,1680822922.5837293
0.0006638949195137326,0.0019291940311578688,0.0016520400234408322,0.0006839130647215787,0.00025902152171677786,6.420288272592799e-05,0.0012407478575870885,0.0014650204720837022,0.0004232095347508665,0.00010839516387274667,0.00011346381157602483,0.00026807268153534693,0.0012712653475668936,0.0009735727522572443,0.0015009535730062457,0.0017112647702852357,-1.595789912962424,-3.852577650572066,1680822922.590683
0.0006566781214609611,0.001912376819455699,0.0016372381946590632,0.0006768461681747671,0.0002569515088828322,6.417743547325638e-05,0.001239578310499612,0.0014587985694861434,0.0004235133637346567,0.00010583934675933669,0.00011111922474775534,0.00026466465675963985,0.0012600661141078994,0.0009630670743349274,0.0014885125147328245,0.0016978203229490805,-1.5996167472860747,-3.861816445897179,1680822922.5974739
0.0006579881612577633,0.001915589545464976,0.0016399376782268264,0.0006774913033337344,0.00025635795553985506,6.42258615021832e-05,0.0012346683919415313,0.0014554723420122512,0.0004213201583218316,0.00010734200196714292,0.00011290151714843506,0.00026558645453522245,0.001261442244516687,0.0009652784534801169,0.001490054926398443,0.001698529300099222,-1.6034435816097259,-3.871055241222292,1680822922.6045594
0.0006661825483346407,0.001925934817066377,0.0016503212828579395,0.0006844651277005526,0.00025855134036699103,6.42168801837565e-05,0.0012368044397758327,0.0014613549703925016,0.0004235116389833794,0.00010841329523222279,0.00011230616265250476,0.00026698588981096587,0.001269175494288587,0.0009766851397428739,0.0014977502036729745,0.0017092781569314314,-1.6072704159333766,-3.880294036547405,1680822922.6115348
0.0006545964529763178,0.0019111941838612602,0.0016365651507376955,0.0006745935705065958,0.0002550687310595346,6.423360946218586e-05,0.0012376297274086488,0.0014550437614530465,0.00042192360293402215,0.00010661920423140963,0.00011180912493593982,0.00026393824180471006,0.0012601588738497022,0.0009607055789188535,0.0014866571239252966,0.001698133465065816,-1.6110972502570275,-3.8895328318725175,1680822922.6184442
0.0006671621687708211,0.0019338192952121293,0.0016573958479011817,0.0006873188418086963,0.00026063240246072393,6.420979837775275e-05,0.0012420890496453374,0.0014673156193456508,0.00042422123282062624,0.00010904141154425725,0.00011352151891720181,0.0002698750123513351,0.00127664007202346,0.0009791517204068264,0.0015033091328930093,0.0017180643002723361,-1.6149240845806783,-3.8987716271976303,1680822922.6253068
0.0006559984029239345,0.0019158803587749251,0.0016411844201914777,0.000676407113608394,0.00025672277583762643,6.41678560809041e-05,0.0012366489033367593,0.0014573079783347517,0.000423587079710791,0.00010653316696508937,0.00011159499531957359,0.00026542325462106754,0.0012627136565965449,0.0009629726694362807,0.0014895276228934018,0.0017013028128623408,-1.6187509189043294,-3.908010422522744,1680822922.6324644
0.0006574564255908703,0.0019116352461596485,0.0016378844468783909,0.0006776308658137238,0.0002564734726232378,6.42481739260638e-05,0.0012288046395185037,0.0014483982453287756,0.0004196147730426269,0.00010771238783541964,0.00011308521378855116,0.00026613553234921573,0.0012591377850649714,0.0009649416510362204,0.0014855414863150806,0.0016952547996243936,-1.6225777532279804,-3.9172492178478566,1680822922.6384013
0.0006647120249164434,0.001920031069931714,0.0016460176614129377,0.0006833608097118049,0.0002582821432491934,6.421654357687067e-05,0.0012309208133491761,0.0014534691810753578,0.0004218421633962087,0.00010842279586593678,0.00011247620156860675,0.00026707360246029443,0.001265293080834925,0.0009749960281376482,0.001491824833463014,0.001703722300903274,-1.626404587551631,-3.926488013172969,1680822922.6454012
0.0006511441686205951,0.00190662056250449,0.001631821583984691,0.0006708874242172029,0.0002539944963567187,6.424848458806049e-05,0.0012373028829227748,0.0014522972657375348,0.00042209588933430346,0.00010608590763196694,0.00011154680681638137,0.0002627938426747136,0.0012572598549501616,0.0009563134130917623,0.0014820263767216118,0.0016943529428297744,-1.6302314218752818,-3.9357268084980817,1680822922.6534758
0.0006652228843887435,0.0019345882599593079,0.0016576122496904078,0.0006851838919043796,0.0002594855007052871,6.42025981746111e-05,0.0012474643589461317,0.0014704607761210431,0.00042660777505405367,0.0001084669257158163,0.00011267283153201015,0.0002682383349185827,0.0012768829702135575,0.0009770965505671236,0.0015029637201403705,0.001719639900883058,-1.634058256198933,-3.9449656038231953,1680822922.6595106
0.0006486200597282731,0.0019158378960010475,0.0016389919285457462,0.0006694791478045825,0.00025419507178412457,6.424054268898223e-05,0.0012480220438748587,0.001461829568747014,0.00042534693913105857,0.00010586799189802739,0.00011193897539776706,0.0002636606678510468,0.0012648136453743278,0.0009535452725188353,0.0014893871513488514,0.0017047747861301211,-1.637885090522584,-3.954204399148308,1680822922.6669767
0.0006568029040854791,0.0019214625792171134,0.0016456064530176854,0.0006774934802428266,0.0002573336567589976,6.430221849954144e-05,0.0012384396668770384,0.0014573401719155644,0.0004223591212172385,0.00010809323905571378,0.00011386444984809801,0.00026758925750276194,0.0012678650472308327,0.0009654301520083332,0.0014925211666056463,0.0017067656974521597,-1.6417119248462346,-3.9634431944734207,1680822922.6735883
0.0006525211460461729,0.0018991836577749452,0.0016270553152455797,0.0006716167155638985,0.0002555930343745802,6.426322385142494e-05,0.0012297824210518685,0.0014440151756573009,0.0004194789283399412,0.00010623239184644354,0.00011162433941703904,0.00026443289678740854,0.0012524065974341208,0.0009581822710138673,0.0014751637649404066,0.0016872910800594003,-1.6455387591698856,-3.9726819897985335,1680822922.6806047
0.0006531204823255943,0.0019028279801232802,0.001629989674227691,0.00067213421374712,0.0002547036500203067,6.432384953717151e-05,0.0012269804555965595,0.001441527169459788,0.00041793830257896635,0.00010739839816208261,0.00011326393194808759,0.00026484329655667745,0.0012541028704167471,0.0009590907217511169,0.0014776221845941022,0.001688925412993757,-1.6493655934935367,-3.9819207851236467,1680822922.687597
0.0006612787516848884,0.0019178646596482729,0.0016437136754260651,0.0006785658511034853,0.0002570819735464123,6.428503269596738e-05,0.0012323636266675,0.0014522616189651671,0.0004212730578549933,0.0001085350611879324,0.00011326029717654169,0.0002667432671223774,0.001264989568698373,0.0009711670620746556,0.001488980344941398,0.001703898655164246,-1.6531924278171874,-3.9911595804487594,1680822922.694585
0.0006480976161642885,0.0019028370482291283,0.0016285547022853364,0.0006665808016860635,0.0002530889954046683,6.424820911948173e-05,0.0012361961987857769,0.0014488203824105546,0.00042058628493777745,0.00010626704930562602,0.00011230298660671974,0.0002628185689665609,0.001255565251772402,0.0009527173047856289,0.0014782343206370485,0.0016923674809638392,-1.6570192621408384,-4.000398375773872,1680822922.7016563
0.0006612282155788417,0.0019257545949078149,0.0016498496018012496,0.0006796844905750551,0.00025900097118071994,6.429426893178523e-05,0.0012395273747285945,0.0014603119061537407,0.0004222047250803169,0.0001090534500825516,0.00011411378986047891,0.00026903628032109056,0.001271969433964336,0.0009720045408668545,0.0014950435383090498,0.0017122889278868311,-1.660846096464489,-4.009637171098984,1680822922.7086427
0.0006492668225464344,0.0019096664756398662,0.001635818864312139,0.0006684342222995467,0.000254925663515198,6.431528894339593e-05,0.0012367918550874417,0.0014553091295213066,0.0004231257276743421,0.00010617563986809526,0.00011176148168214308,0.00026423044419619535,0.001260860808692933,0.0009557890070658039,0.0014831193332377603,0.001699911011643154,-1.6646729307881403,-4.0188759664240985,1680822922.7155292
0.0006500607625574568,0.0019061237094374086,0.0016331274167950618,0.0006689419105528248,0.0002544211631294231,6.437797958261355e-05,0.001230066955656639,0.0014476974229967795,0.0004193710891838366,0.00010734253590466583,0.00011327158243992536,0.00026484863773356705,0.0012579679005614794,0.0009568258460360214,0.0014798443320755506,0.001694950163077703,-1.668499765111791,-4.028114761749211,1680822922.7218726
0.0006537349254296123,0.0019123529418148526,0.001638256324033711,0.0006711756996936142,0.0002557808656216508,6.428528214456914e-05,0.0012323171662521181,0.0014513341735729692,0.0004219829162467755,0.00010751222743075696,0.00011241652510060551,0.0002654350562133664,0.0012624929367327866,0.0009620660439203065,0.0014842819397877139,0.001701872499208415,-1.672326599435442,-4.037353557074324,1680822922.7289245
0.0006465107148366822,0.0019087840607212188,0.0016335484571032687,0.000665010962742706,0.0002533709903651898,6.432370685027254e-05,0.0012371350998787152,0.0014520691221509075,0.00042242863253597854,0.00010664671109439308,0.00011257404742162394,0.00026357750382511073,0.0012605949529059966,0.0009522448861919067,0.0014820535827450786,0.0016998756603510735,-1.6761534337590926,-4.046592352399436,1680822922.735399
0.0006491924443223608,0.0019028608183928267,0.0016298983170091536,0.0006668722682590029,0.0002554016873430269,6.421859658682176e-05,0.0012298895087170607,0.0014475514281450067,0.0004220174845302069,0.00010592275223515387,0.00011158297270854846,0.0002647957225029266,0.0012558774339176445,0.0009559005748913991,0.0014770351532781155,0.0016935144419886893,-1.6799802680827436,-4.055831147724549,1680822922.7434266
0.0006329237385021045,0.0018843541480781864,0.0016116265516484853,0.0006513208117448942,0.00025090264412061335,6.422488060407562e-05,0.001234728120354121,0.001443698626497558,0.0004226955736596301,0.00010239171521532969,0.00010936251022797006,0.00025985961975994826,0.0012442909148282866,0.0009327216417265687,0.0014638364786149045,0.0016800538436446807,-1.6838071024063948,-4.065069943049663,1680822922.7500067
0.0006432131095114224,0.0018926254525401213,0.0016219919941569294,0.0006611832824597572,0.00025438383940526693,6.424116546613669e-05,0.0012256408494165545,0.0014409814703691733,0.0004200859012334497,0.00010488728806515067,0.00011135037318003914,0.0002640894989723098,0.0012483756154855223,0.0009478090207534524,0.0014688043546379074,0.001683983206275276,-1.6876339367300455,-4.074308738374775,1680822922.757319
0.0006361528705387824,0.0018754554823997424,0.0016076566917727735,0.0006538252562994836,0.0002520588549184552,6.414955062626966e-05,0.0012233656522846344,0.001434812876959017,0.00041954488290873586,0.00010263928214351167,0.00010908075990060615,0.00026053129504640857,0.0012370973651691889,0.0009373564145842268,0.001455872720104905,0.0016704876280819695,-1.6914607710536964,-4.083547533699888,1680822922.7637296
0.0006357043515291902,0.0018773795341286775,0.0016087514282672579,0.0006535648249088653,0.00025099491103790613,6.421620190206052e-05,0.0012211893379316745,0.001431557351717923,0.00041811847895143904,0.0001035186502959488,0.00011073650645768084,0.0002606030477547792,0.0012377175217441218,0.0009367697129347306,0.0014571607576560448,0.0016711886308479645,-1.6952876053773471,-4.092786329025,1680822922.7706947
0.0006516660248398066,0.0019124218153592665,0.0016392588038698526,0.0006694750627042825,0.00025764382178373313,6.41081056486676e-05,0.0012340754914946265,0.001452947168592863,0.0004236719241545097,0.00010637410302123676,0.00011247541478271955,0.00026737194537773397,0.001262277440445746,0.0009604175698794948,0.0014838304456249204,0.0017027538167225765,-1.6991144397009983,-4.102025124350114,1680822922.7781382
0.0006387550772879853,0.0018990087732262749,0.0016255542645981513,0.0006582782742415067,0.0002538321022907407,6.410294731085094e-05,0.0012379981848968055,0.0014504102740567216,0.0004231374590909147,0.00010435523374527204,0.0001117661103153447,0.00026387609402032323,0.0012538808143944802,0.000942540000382657,0.0014743448878388142,0.0016924505931486468,-1.702941274024649,-4.111263919675227,1680822922.785082
0.0006479606721020606,0.0019159223636315158,0.0016413398179280392,0.0006682423793962759,0.00025860458177032306,6.415343470221751e-05,0.0012416416008035368,0.0014606342733729512,0.0004246130316658927,0.00010629049494533746,0.00011246796083021738,0.00026871249982985833,0.0012659342675609617,0.0009568852557806586,0.0014869251033800587,0.0017070376112783203,-1.7067681083483,-4.120502715000339,1680822922.7919781
0.0006383053843076295,0.0018927475705437348,0.0016217659722490869,0.0006586829962121828,0.0002554952274948818,6.408262459069939e-05,0.0012350127392964736,0.0014473974269114704,0.0004233546823230316,0.00010328018214935353,0.00011018810128017967,0.0002646079644031024,0.0012491446249701507,0.0009429536960375646,0.0014694681563461748,0.001686202261423931,-1.7105949426719507,-4.129741510325452,1680822922.79792
0.0006449959458013941,0.0019003595345189939,0.00162930908616639,0.0006639646755585958,0.00025587842988772597,6.413765200788434e-05,0.001231453257479115,0.00144810896052139,0.00042226847477002007,0.00010517009078316261,0.00011130833539905796,0.0002654883683370482,0.0012534800256763373,0.0009524031354838622,0.0014748557565629503,0.0016924199952453578,-1.7144217769956018,-4.138980305650565,1680822922.8059735
0.0006444672452673149,0.0018950188996529475,0.0016255093048617296,0.0006626421631438276,0.00025501230992247835,6.413378364693978e-05,0.0012311965645643347,0.0014472702333285191,0.0004228428774910723,0.00010443535383041377,0.00010976524088897065,0.0002635325182232289,0.0012502318749116209,0.0009512708360789992,0.0014708511817031317,0.0016892319179972594,-1.7182486113192528,-4.148219100975679,1680822922.8125594
0.0006410183578716235,0.0018954802792574231,0.0016251073829318392,0.0006609910750326394,0.00025397848468070483,6.405874992196914e-05,0.0012340145525337738,0.001447704376727188,0.0004226548428153943,0.00010442773975476236,0.0001108540609410821,0.00026318711385794235,0.0012505185129612073,0.000947108469726097,0.0014718030841622336,0.001690268825652972,-1.7220754456429035,-4.157457896300791,1680822922.8198283
0.0006550333878880363,0.001923968660541858,0.0016505865981107533,0.0006752228753620664,0.00025981455888089396,6.406757467280772e-05,0.0012431773294823833,0.0014650735752242692,0.0004268387419891423,0.00010698246629583223,0.00011222736751822922,0.00026901759566281836,0.0012699361103749923,0.0009678312387347434,0.0014931417031881207,0.001715000315638318,-1.7259022799665544,-4.166696691625903,1680822922.8260279
0.0006400351954913647,0.0019039227668542383,0.0016313967975893496,0.0006601096530679023,0.0002548925907305902,6.40292557928987e-05,0.0012445228372715647,0.0014593055041093542,0.00042701508569178574,0.00010356205807599587,0.0001100039771081709,0.000263611801270065,0.0012568139552160255,0.0009461277893031816,0.0014788106405771455,0.0016995828820336543,-1.7297291142902056,-4.175935486951017,1680822922.833539
0.0006505978920993288,0.00191471526012783,0.0016418581079897406,0.0006704522380967446,0.00025895837487803155,6.405399475371205e-05,0.0012371716700404567,0.0014577439741943572,0.0004245632095452768,0.00010620618729558902,0.00011199734844181919,0.00026838115820261685,0.0012628395929358133,0.0009615198041982758,0.0014861841876524502,0.001705090126491742,-1.7335559486138563,-4.1851742822761295,1680822922.8405807
0.0006433891882409171,0.0018978273750200549,0.0016274584115588088,0.0006633710329162148,0.0002568520730680855,6.397743788091667e-05,0.0012361401823016449,0.001452287060936022,0.0004247011268056702,0.00010368624111997896,0.00010983450011591546,0.0002649699406348943,0.0012516807552545883,0.0009513119817162655,0.0014738368690387915,0.0016919070046697016,-1.737382782937507,-4.194413077601243,1680822922.847545
0.000646652395720141,0.001904205183509559,0.0016331520973123215,0.0006663385583069696,0.00025666790862154484,6.407073034445137e-05,0.0012340685988423007,0.001451875021757587,0.00042286386000266294,0.0001055012615593051,0.0001114907702058106,0.00026613711102575505,0.001255316917842703,0.0009563226504914999,0.0014789129598877548,0.0016962603551484772,-1.741209617261158,-4.203651872926355,1680822922.8545067
0.0006594594611191436,0.0019252317498194746,0.0016530343694746178,0.0006780379260998463,0.000260639149099252,6.404241422297194e-05,0.0012394655054513092,0.0014642954151981745,0.0004263682176336894,0.00010754953167185803,0.00011209516333810955,0.00026960097689746434,0.001269724037097558,0.0009746005177370431,0.0014946453230621226,0.0017153940576437492,-1.7450364515848091,-4.212890668251468,1680822922.8605523
0.0006448303359671958,0.0019097058206336277,0.0016369960789564754,0.0006650805531039209,0.00025654901371839595,6.398572356622688e-05,0.001245574628742671,0.00146192261198311,0.00042654714977536723,0.00010461760839565283,0.00011070800800325742,0.0002655458664135453,0.0012605523388980477,0.0009544330157795726,0.0014843709247905033,0.0017049179201421793,-1.7488632859084599,-4.222129463576581,1680822922.8676233
0.0006568835566769635,0.0019270121290430645,0.0016539463629733826,0.0006772738986525356,0.00026145303650510496,6.399861059274853e-05,0.0012435689802735878,0.0014673864466727964,0.00042650367753915765,0.00010717593765066875,0.00011257404704659112,0.0002709715554941367,0.001272396704116545,0.0009722194090831822,0.0014967282787802106,0.0017183910301366053,-1.7526901202321108,-4.231368258901694,1680822922.8753364
0.0006493828278620506,0.0019024272340241982,0.0016326027703686423,0.0006695166716155587,0.00025784881644897,6.391685099582351e-05,0.0012307733851838363,0.0014472195864611188,0.00042186006126989967,0.00010530472646405125,0.00011200372406517649,0.00026736301762883476,0.001252874920572874,0.0009609710226078036,0.0014778477934356455,0.0016926063406482513,-1.7565169545557615,-4.240607054226807,1680822922.8815787
0.0006502463678861683,0.0019037446865212764,0.0016334432226935926,0.0006703628878571508,0.00025732700423145293,6.398911531617362e-05,0.0012261636256896756,0.0014446661998741435,0.00041895205888748766,0.0001067348200471772,0.00011351139087460867,0.00026812383641183296,0.0012531785419186757,0.0009623798453027397,0.001478602359994162,0.001692216658589412,-1.7603437888794127,-4.24984584955192,1680822922.888581
0.0006571739565975907,0.001911273103464659,0.0016411318890626593,0.000676005122625462,0.00025900907460860487,6.390184144194017e-05,0.0012280874866369199,0.0014492299654778463,0.0004207434260673778,0.00010751127476456545,0.00011284559227611294,0.000268852819327551,0.0012586478663436478,0.000972040179451035,0.0014842447807738156,0.001700233626346664,-1.7641706232030636,-4.259084644877032,1680822922.89505
0.0006462083015824593,0.0018999308529429769,0.0016294204935719094,0.0006667120484909152,0.0002554122934778955,6.39456878792878e-05,0.001231298485527612,0.0014469356218807447,0.00041963129229931356,0.00010599651855206021,0.0001128462206783939,0.0002657246522957233,0.001250811819729065,0.0009571062114617448,0.0014766857136997073,0.0016908107689842461,-1.7679974575267143,-4.2683234402021455,1680822922.902975
0.0006623021049043221,0.0019279123305290266,0.00165563797571276,0.0006823315897990763,0.0002613292927533869,6.395050737618212e-05,0.0012376299441385634,0.0014626372235740862,0.0004232460366760292,0.00010895040108597687,0.00011396949799389652,0.0002714925778857538,0.001269792822924629,0.0009804832352141792,0.0014974660142645113,0.0017150462724796005,-1.771824291850365,-4.277562235527258,1680822922.9099364
0.0006458454027950948,0.0019121754249662463,0.0016387796074155791,0.0006669519013181949,0.0002560792105115623,6.403852715336073e-05,0.0012445045114490543,0.00146172619130966,0.00042439942442178423,0.0001054051699659292,0.00011136711787278755,0.0002659958213249381,0.0012601583697764982,0.0009570202101725941,0.001487356580213969,0.0017046231934234016,-1.775651126174016,-4.286801030852371,1680822922.9169412
0.0006527494614944315,0.0019148591207043739,0.0016427344289913716,0.0006738392020532709,0.00025832429044633846,6.402435566159635e-05,0.001233946358043998,0.001455130510536207,0.00042084706309841415,0.00010729030428893507,0.00011316954010271512,0.00026911958875109547,0.0012605994111532487,0.0009668995316224682,0.0014886876245303593,0.0017034685658333295,-1.7794779604976672,-4.296039826177484,1680822922.9229574
0.0006517846621597334,0.001904444982027685,0.0016344231371312166,0.0006725538952274267,0.0002594954799784582,6.389247441987772e-05,0.0012318547533033072,0.001451432883390209,0.0004220218261180721,0.00010499476815984798,0.00011070139911489235,0.0002683716571740603,0.0012529438487324908,0.0009654604321397063,0.0014812600334646946,0.0016937575753286902,-1.7833047948213179,-4.305278621502596,1680822922.9308832
0.0006527371829306673,0.0019078970201993899,0.0016372632728285747,0.0006734951044886784,0.0002586069247013044,6.394791358684203e-05,0.001229649755235837,0.0014493158680643403,0.00042048868873582044,0.000106071857286866,0.00011234803040600629,0.0002687043600658569,0.001254349054572813,0.0009668537143712269,0.001483992484079897,0.0016948749540034935,-1.7871316291449688,-4.31451741682771,1680822922.9376357
0.0006613610097303211,0.001927309818021976,0.0016543231734734338,0.0006813809109957901,0.00026012667321224627,6.39844563995386e-05,0.001239062441578887,0.0014613354343225378,0.0004240712541858345,0.00010810306798962655,0.00011316489568483091,0.0002700816053329493,0.0012683770336922226,0.0009793245793331218,0.001499416528051918,0.0017137666564952282,-1.7909584634686195,-4.323756212152822,1680822922.9446344
0.0006482628516593804,0.001912134020276769,0.0016391290010121665,0.0006696940304895831,0.0002559388988743194,6.402072106212936e-05,0.0012436904096863651,0.0014583886871167913,0.0004236446944133295,0.00010567056622682753,0.00011224845136299971,0.0002660027632404488,0.0012589832363880545,0.0009610534795537771,0.001488800043247002,0.0017025358876192316,-1.7947852977922707,-4.332995007477936,1680822922.9515765
0.0006502653500340823,0.0019056340820183667,0.0016358396033081817,0.000671350795025323,0.0002570677030724272,6.396707988554431e-05,0.001236689469841253,0.0014534297785720378,0.00042199763865801495,0.00010553087570744856,0.0001114611556039676,0.0002663666222442645,0.0012546876142086722,0.0009638521093289405,0.001483680875707112,0.0016960086389369285,-1.7986121321159214,-4.342233802803048,1680822922.9586735
0.000638381336267974,0.0018895616880808812,0.0016206785258486127,0.0006597588519471348,0.00025258675545966944,6.391730929380082e-05,0.0012376435776877118,0.0014482363143081623,0.0004226229416216218,0.00010262129739568912,0.00010923210607994737,0.00026127305370914766,0.001243070592091786,0.0009466603186319409,0.0014722812142494558,0.0016827663318076812,-1.8024389664395724,-4.3514725981281615,1680822922.966489
0.0006433920030319534,0.0018890301134126786,0.001621293067244533,0.0006647761456137626,0.00025389513391843506,6.39466561910093e-05,0.0012276491668446819,0.0014400897723981902,0.00041861317352586097,0.00010430111262905099,0.00011099651605038582,0.0002635821038644827,0.0012415860562954586,0.000953834020544173,0.0014712716817905907,0.0016790587418527901,-1.806265800763223,-4.360711393453274,1680822922.9725518
0.0006483742785647977,0.0019029649480991658,0.0016319883613370486,0.0006699589870785767,0.00025620497839474446,6.392108163574314e-05,0.0012391645333535818,0.0014536207282718453,0.00042199517087719113,0.00010487401210081384,0.00011128545726219525,0.0002653684392473426,0.0012520989967925887,0.000961560797750112,0.0014829036373784962,0.0016930607387940376,-1.8100926350868742,-4.369950188778387,1680822922.9794238
0.0006447538494067672,0.0019010921697246198,0.0016294186294440048,0.0006671383603982589,0.000254623807390281,6.402492716476214e-05,0.0012392194105582544,0.001451195803696917,0.00042070888141834987,0.00010505038584908202,0.00011250676312626233,0.0002645861457007518,0.0012503578585110473,0.0009567687077715903,0.001481813081799543,0.0016905455640679708,-1.8139194694105252,-4.3791889841035,1680822922.9864333
0.0006653770894884607,0.001930366138279506,0.001657601252086709,0.0006862157034498687,0.00026082926282102115,6.403938561071003e-05,0.0012440204789481357,0.0014659452156194491,0.0004227437049644578,0.00010909584930743037,0.00011400584677288494,0.0002706925858695214,0.0012704261663958696,0.0009866137787182371,0.0015038099774674367,0.0017156836567128369,-1.817746303734176,-4.388427779428612,1680822922.993382
0.0006518254515886687,0.001910469763111501,0.0016387493847863273,0.0006728523190607424,0.00025660662333532654,6.398058461922187e-05,0.0012429355359378851,0.0014586859183257023,0.00042266457963554177,0.00010586324930220262,0.00011173916757016926,0.00026592627978850995,0.0012572906316889927,0.0009670201982232727,0.0014895828461623784,0.0017000077124688711,-1.8215731380578268,-4.397666574753726,1680822922.999578
0.0006590272345093968,0.0019202895922178478,0.001648237178489949,0.0006800952667775818,0.00025867021067146103,6.395550457037827e-05,0.0012401657157282541,0.0014599416437890704,0.0004208954917992778,0.00010796651086032971,0.00011423539400820137,0.0002691398219859895,0.0012631659379745413,0.000977530939357235,0.0014970110772656235,0.001706353179621422,-1.825399972381478,-4.406905370078839,1680822923.0071316
0.0006529291293264086,0.001905375023605971,0.0016353291428186957,0.0006738183705886189,0.00025679436557086657,6.386434864092232e-05,0.0012392756413338174,0.0014551188169019136,0.00042087979740474904,0.00010571669748833823,0.00011240154868866592,0.00026604974833839383,0.0012530663821283155,0.0009683655289984603,0.0014860094850435459,0.0016942297173385271,-1.8292268067051287,-4.416144165403951,1680822923.0141509
0.0006525603766168167,0.0019074935035789155,0.001636266242669734,0.0006733281850446997,0.00025501713413235693,6.392139813273234e-05,0.0012378570513781374,0.0014527742335886306,0.0004193137381868792,0.00010679393292036149,0.00011391909743373354,0.0002653934430512263,0.0012541431463692835,0.0009677312260576338,0.0014879291040058493,0.001695242568127768,-1.8330536410287794,-4.425382960729064,1680822923.020131
0.0006667126514056896,0.0019283578130645956,0.0016552244756596322,0.0006854060767826402,0.00025903641907656607,6.399972988215672e-05,0.0012420368420422115,0.001461966376747551,0.00042273929673492997,0.00010876440956312524,0.00011437829098295985,0.00026899063259935125,0.0012677201744065278,0.0009875749722291537,0.0015043156951246922,0.0017127832500758243,-1.8368804753524304,-4.4346217560541765,1680822923.0281148
0.0006540937756011879,0.0019145072679727009,0.001641108834206962,0.0006740304955832577,0.0002551249990440684,6.402129160158117e-05,0.0012459202595190993,0.0014594102451262777,0.0004221337777091642,0.00010653330547778322,0.00011365518119311994,0.0002652559084489279,0.001259045078235538,0.0009699588582118261,0.0014945660094984787,0.0017018791678658411,-1.8407073096760815,-4.443860551379291,1680822923.0349295
0.0006645524714403337,0.001930327264244305,0.0016562829929869759,0.0006844108607952957,0.00026092072919366686,6.404499967669221e-05,0.0012524104646229608,0.0014719288163570047,0.00042537137280723085,0.00010756188891156611,0.00011329591269015372,0.00026979266718718195,0.0012711551585081174,0.000985251540120198,0.0015064834691938026,0.001716911663646816,-1.8445341439997323,-4.453099346704403,1680822923.0419223
0.0006543956777498354,0.0019122354573544542,0.0016405249453115488,0.0006745693509042509,0.00025722405709395664,6.399092192735667e-05,0.0012486282113289258,0.0014640656073858734,0.0004253976462975403,0.00010461057099559356,0.00011116915289427555,0.00026525307110317485,0.0012579798329249723,0.0009708648215654897,0.0014932797021636793,0.0017014505332257916,-1.8483609783233832,-4.462338142029515,1680822923.0489082
0.0006598610464178821,0.0019154317200268545,0.0016444824650956467,0.0006796842386528162,0.0002586930244952569,6.403956978782805e-05,0.0012434784672875083,0.0014604302112553582,0.00042204238632604247,0.00010663073067798968,0.0001129825005990383,0.0002679970284510085,0.0012602077798739182,0.0009785753208806246,0.0014955438786286252,0.0017024908405956498,-1.852187812647034,-4.471576937354628,1680822923.0559824
0.0006603353744331367,0.0019116694652808928,0.0016416870585960113,0.000678999383274167,0.0002581444482513741,6.394805715995302e-05,0.001243631743719696,0.0014602971955942788,0.0004228689248179218,0.00010588058040176863,0.00011173037763035861,0.00026634646599721314,0.0012578603597230278,0.000978814991280221,0.0014929054052235358,0.0017003080396046169,-1.856014646970685,-4.4808157326797415,1680822923.062818
0.0006471697444532503,0.0018912058691336194,0.0016225812578586803,0.0006668829236709293,0.00025226933803731153,6.398822334049655e-05,0.0012370742915428301,0.001446139633305581,0.0004192813523981353,0.00010387773906447225,0.00011203366746225551,0.0002614746113999695,0.0012421545621826816,0.0009601779582652369,0.001478119274661121,0.0016802372444175006,-1.859841481294336,-4.490054528004855,1680822923.0697536
0.0006610016810569725,0.001918920718824311,0.0016475167041849058,0.0006808770597518221,0.00025806679330580537,6.400229407783939e-05,0.0012463934228167397,0.0014632929812700422,0.0004233619449018936,0.00010642198702238108,0.0001131539686717976,0.0002672366044461491,0.0012612738650723955,0.0009807298553091547,0.0014991596168400872,0.0017045335471936286,-1.8636683156179867,-4.499293323329967,1680822923.0759296
0.0006494458630429888,0.001903331790954001,0.0016327448960363913,0.0006688539313713145,0.00025407641830454963,6.401219543152235e-05,0.0012498694953423848,0.0014606829868252394,0.0004242305177015737,0.00010342362684616952,0.0001110046779564706,0.000262582689217591,0.00125131111410732,0.0009640272521177654,0.0014879661716804549,0.0016924465846207073,-1.8674951499416375,-4.508532118655079,1680822923.083658
0.0006601558691946357,0.0019159291570539844,0.0016450938901386878,0.0006795166537793202,0.00025805700855814677,6.409959041775437e-05,0.001246029694518332,0.0014625312983551136,0.00042273152052037705,0.0001061458884179358,0.00011284741098694229,0.00026713865209370834,0.0012600649591094967,0.0009795827673028893,0.0014967603935845007,0.0017019192471857886,-1.8713219842652884,-4.5177709139801925,1680822923.0917144
0.000650439992864827,0.0018921168844835393,0.0016247528813020443,0.0006694670974307869,0.00025454189800244194,6.402662505601442e-05,0.0012399596659802476,0.0014511658568814566,0.0004208706919855704,0.0001033783105278002,0.00011043810544047475,0.0002624946631891198,0.0012434323203542115,0.0009651771437338992,0.0014790692259853422,0.0016816739220062258,-1.8751488185889396,-4.527009709305306,1680822923.0969973
0.0006606289254764274,0.001911428307928307,0.0016425814089422565,0.0006796916940873927,0.00025811152411273904,6.414394155971213e-05,0.0012408989949196847,0.001457410882561513,0.000420879386680466,0.00010631016010185214,0.0001133552571523839,0.0002673857068682848,0.0012568455164832042,0.000980245271400052,0.0014936428185819222,0.0016975331805016139,-1.8789756529125903,-4.536248504630419,1680822923.1040776
0.0006735155741674786,0.001930593587770808,0.0016605724794572395,0.0006909683565756639,0.00026201518763939864,6.411682064220649e-05,0.0012444719683876004,0.0014674591822824686,0.000423713480511529,0.00010826118741250183,0.00011371662536558803,0.0002707146104457977,0.00126997691550779,0.0009983068356538645,0.0015079280641683707,0.0017145874972038545,-1.8828024872362412,-4.545487299955531,1680822923.1113484
0.0006589861226320968,0.001913869578330095,0.0016438532519474059,0.0006778292831909468,0.0002576216618810326,6.409333237706437e-05,0.0012465809688939939,0.0014622247042213017,0.00042280769451532126,0.0001060047739000525,0.00011251234755611389,0.0002665151021208386,0.001259374519833372,0.0009779606955764874,0.0014960700042221974,0.001701313445171805,-1.886629321559892,-4.554726095280644,1680822923.1183577
0.0006714285756491048,0.001932827096591516,0.0016622270387175687,0.0006902267149282142,0.00026276178989989265,6.409531502142182e-05,0.0012465157348176647,0.0014698113501899765,0.0004234656437865916,0.00010863690447006553,0.00011437632667092054,0.0002721341470457323,0.001272457621796834,0.0009962326141698269,0.0015099186258683106,0.0017165912909014463,-1.890456155883543,-4.5639648906057575,1680822923.1252997
0.0006630456943447057,0.0019136972994701262,0.001645555716700208,0.0006814536694877179,0.000259578044852251,6.394849493384948e-05,0.00124018506722286,0.001459009389432378,0.00042232209875744,0.00010631245268946559,0.00011270949676870502,0.0002681489155750948,0.0012577806008148545,0.00098406904289566,0.0014953495854918117,0.0016980641922607876,-1.894282990207194,-4.57320368593087,1680822923.1319768
0.0006653209381072563,0.0019145072580688386,0.0016465749891700825,0.0006834960916416201,0.00025967634687624336,6.397592931855743e-05,0.0012351089188761012,0.0014547832927842938,0.0004191852303526556,0.00010778832831045507,0.00011435829661797257,0.00026942923730102314,0.0012576464079938887,0.0009871511631867821,0.0014954430142225807,0.0016965188607167981,-1.8981098245308448,-4.582442481255983,1680822923.1389594
0.0006655668126998373,0.001906934983695879,0.0016418528246434335,0.0006831050166528428,0.00025878640669647,6.398034948887436e-05,0.001232693386777938,0.0014514929737642333,0.0004186248576677058,0.00010709328545915423,0.00011307716221808302,0.0002674249519909105,0.0012528572418030936,0.0009875139584607823,0.001489739021874752,0.0016911454793107439,-1.9019366588544955,-4.591681276581095,1680822923.1461074
0.000661214647939052,0.0019028430200544648,0.0016376186720446855,0.0006796098095167832,0.000256805729075618,6.402354733889547e-05,0.0012329551098834211,0.0014482818409950254,0.00041742634082570976,0.00010691063707961926,0.00011401104791513933,0.0002661381286793638,0.0012499122111269874,0.0009815121417117412,0.0014871019224331242,0.0016873365413783024,-1.9057634931781466,-4.600920071906209,1680822923.1530397
0.0006776285982453713,0.0019314195514866643,0.0016640535845503306,0.0006954055103275994,0.00026270496193034657,6.405417466394502e-05,0.001239877605118625,0.0014646130592549285,0.00042126479027238786,0.00010957266898726794,0.00011525570452940006,0.00027194957654512155,0.0012690205893655531,0.0010053787814209192,0.0015084746466943971,0.001711902591885146,-1.9095903275017976,-4.610158867231322,1680822923.1599374
0.0006609931605608387,0.0019107869768326187,0.0016434134782676469,0.0006795243655081276,0.00025749711129005197,6.405592299113962e-05,0.0012421681348060883,0.0014577904921349815,0.00042109440061181456,0.00010618239231826848,0.00011293447162785634,0.0002665146941700492,0.0012556648924839028,0.0009817466070085028,0.0014934017956200537,0.0016960900778236288,-1.9134171618254483,-4.619397662556434,1680822923.166667
0.0006684369838954548,0.0019157478798444486,0.0016488566030342813,0.0006867749549271486,0.0002600824473639867,6.40949152858368e-05,0.001234504178276958,0.0014534505034833143,0.000417848663452484,0.00010838298820663979,0.00011475575650019026,0.00027000499660300104,0.0012582662695990621,0.0009923695350846087,0.0014963691567356277,0.0016976584065040306,-1.9172439961490992,-4.628636457881547,1680822923.1736388
0.000653923138816026,0.0019008463581485558,0.001633615971412266,0.0006734486978133604,0.00025651487784258747,6.400915985449141e-05,0.0012446217214124604,0.0014568024405344807,0.0004210810395068958,0.00010442773980441923,0.00011207207307009856,0.000265227776520099,0.0012493144301372943,0.0009724968621729965,0.0014864531913528565,0.0016878063148354602,-1.9210708304727504,-4.63787525320666,1680822923.1806307
0.0006544035323766086,0.0019040219767571915,0.0016360242620801447,0.000673960562016108,0.00025567803318492764,6.410874484047851e-05,0.0012422498238399053,0.0014545424503341364,0.00041946429209743357,0.00010560950345159462,0.00011368874870006843,0.0002655106166483935,0.0012507770572287751,0.0009733175045924397,0.0014886977335034036,0.0016889255677352384,-1.9248976647964011,-4.6471140485317735,1680822923.1877553
0.000661837171015401,0.0019136817851398737,0.0016467599060079555,0.0006805978872985535,0.00025794873063770976,6.408553739599529e-05,0.0012444262307579994,0.0014612109564239055,0.00042172370624924836,0.0001064415182062044,0.00011313436876266238,0.00026709217468176213,0.001258219131027922,0.0009846636247551573,0.0014959190178365867,0.001698607302387245,-1.928724499120052,-4.656352843856886,1680822923.1947312
0.0006480458835656429,0.0019028157609673618,0.0016348899051908986,0.0006685354975959819,0.000254471706583171,6.408809883150623e-05,0.001253879045262904,0.001463313191957844,0.0004233454098482256,0.0001036587129077109,0.00011161547342746667,0.0002635172895760536,0.001252127795129812,0.0009655244840700478,0.0014889651800986375,0.0016920491540438982,-1.9325513334437028,-4.665591639181998,1680822923.2006395
0.0006604708244778494,0.0019187795442547194,0.0016506863664061502,0.0006810318913823784,0.0002592609543196062,6.411285412558321e-05,0.0012510989139764429,0.0014677736077247426,0.0004226414970669686,0.0001065091716673616,0.00011388519562181863,0.00026890835332333017,0.001263350079195419,0.0009838208917500003,0.001500316754003856,0.001704811516713656,-1.936378167767354,-4.674830434507112,1680822923.20861
0.0006596947205421371,0.0019155126340453738,0.0016477715297006162,0.0006787208017689855,0.0002569933923063496,6.413677990032604e-05,0.001245300780170653,0.0014632750892755236,0.0004224786330363865,0.00010637646234996552,0.00011300360609225293,0.0002662758591532742,0.0012595591824193703,0.0009828331188491237,0.00149737773283589,0.0017009225731204356,-1.9402050020910047,-4.684069229832224,1680822923.2156804
0.0006601975210200873,0.0019124658695740696,0.001645138522499543,0.0006788950607518105,0.00025628785680932456,6.417141913906172e-05,0.0012388878454712106,0.0014563959067275044,0.0004188432132574841,0.00010756439695190542,0.0001144038388193145,0.00026667707921563177,0.0012568815483605465,0.0009833267809924672,0.0014945254142644227,0.0016963119411922802,-1.9440318364146556,-4.693308025157338,1680822923.2216272
0.0006627734545113651,0.0019153314649512816,0.0016477915914368652,0.0006806964098352157,0.0002571192219780316,6.413793992102968e-05,0.0012421963207316367,0.0014600648620950044,0.0004214473622527577,0.00010716924413562734,0.00011282175345578345,0.0002664565515590207,0.0012593012448495415,0.000987862827130795,0.001496920406521611,0.00170009389722684,-1.9478586707383063,-4.70254682048245,1680822923.2296984
0.000657586669874624,0.001915338903565819,0.001646189415752601,0.000676313730846232,0.00025523084368668443,6.41951803032391e-05,0.001247908637914781,0.0014625780459428985,0.00042230766762954504,0.00010666183164603889,0.00011313351503518146,0.00026499129457079106,0.0012597481915038182,0.0009808911690411418,0.0014972348214188755,0.0017010172858649372,-1.9516855050619575,-4.711785615807563,1680822923.235264
0.0006704393147083465,0.0019337711081842666,0.001665203769414481,0.000689264660471,0.00026115818117806853,6.413469730486052e-05,0.001253707448607148,0.0014758087098588851,0.0004259215288627328,0.00010802269992596207,0.00011294450556787898,0.00026968629017146134,0.0012726310768608957,0.0010003667060492958,0.0015105335285839187,0.0017174157496158253,-1.9555123393856084,-4.721024411132676,1680822923.2433186
0.0006550158096126586,0.0019134335581458353,0.0016458264992054172,0.0006743729575202601,0.0002562867400545594,6.408341181482337e-05,0.0012545244472419437,0.0014691573608183108,0.00042611521075852264,0.00010461146040704993,0.0001104905278527546,0.000264300099304403,0.0012596139071842307,0.000978388039433912,0.001496097876624756,0.0017019278256579782,-1.9593391737092591,-4.7302632064577885,1680822923.2503283
0.000654154032565631,0.0018989341254234686,0.0016354034527164046,0.000673896226216144,0.000255457343739797,6.404999339272688e-05,0.001235920021080923,0.0014496577393710883,0.0004190418088342345,0.00010548286220522978,0.00011200476936863684,0.00026471448423238454,0.001247632986432269,0.00097788186140284,0.001483620187641349,0.0016846229071575442,-1.9631660080329099,-4.739502001782902,1680822923.2572396
0.0006497465564033893,0.001886420454339874,0.0016243777205823683,0.0006686701873551261,0.00025331050757867,6.398348974899444e-05,0.0012336951241024294,0.001444758233617583,0.00041873916869864094,0.00010382668941554798,0.0001102832519363266,0.0002614681576607622,0.001239002511402385,0.000971130720063229,0.0014741151818495435,0.0016744501140269943,-1.9669928423565608,-4.748740797108014,1680822923.2632134
0.000651856659664482,0.001904846378799381,0.0016385476065834215,0.0006732825067678063,0.00025545704903290247,6.419881747064299e-05,0.0012421122167584216,0.001455154109110629,0.0004201226171236646,0.00010557631952337183,0.00011287570430821646,0.0002653112211001504,0.0012518876722774895,0.0009765362226319531,0.001488337685480257,0.0016899224041630814,-1.970819676680212,-4.757979592433127,1680822923.27126
0.0006651905425244147,0.0019278819903758352,0.0016596970105166922,0.0006858371269089828,0.00025990577062624093,6.420440165069192e-05,0.0012490300129863313,0.0014696278679713038,0.0004237769938318338,0.00010791662978047267,0.00011354885131611567,0.00026939819942841075,0.0012678972266642941,0.0009960579132536084,0.0015057593812612317,0.0017108870058985654,-1.9746465110038627,-4.76721838775824,1680822923.2772026
0.0006483942678958842,0.0018978590554366605,0.0016321559073644034,0.0006685830298056828,0.00025317544030442374,6.419823856846419e-05,0.0012464754781637128,0.0014562768547574287,0.0004219999854602351,0.00010427971749246108,0.00011066271498329412,0.00026168129252561884,0.0012480567877339148,0.0009714649896553699,0.001483397372532963,0.0016868374128821057,-1.9784733453275136,-4.776457183083353,1680822923.2849832
0.0006622026328587645,0.001922471684847974,0.0016555177801846248,0.0006825128014503037,0.0002588014530295177,6.421838907679261e-05,0.001250741669322409,0.001468721032499563,0.0004242045312419704,0.0001071701352530422,0.0001122140496178428,0.00026750687890144884,0.0012649916667722336,0.0009920896726112534,0.0015013906555226598,0.0017075784648282976,-1.9823001796511643,-4.785695978408466,1680822923.2925565
0.0006512801016543871,0.0018994087196859072,0.0016350224460274492,0.0006719273532865647,0.00025523876611618777,6.412485809094366e-05,0.00124388541110455,0.001455623512264468,0.0004229381085818304,0.00010415100794752537,0.00011010073556867588,0.0002631256173647249,0.0012489972611447184,0.0009761476098705943,0.0014841729815123724,0.0016879550495109274,-1.9861270139748155,-4.794934773733579,1680822923.2988558
0.0006544089174486051,0.0019044317775084032,0.001639648143491223,0.0006749996806516352,0.0002558590143031249,6.41747882490638e-05,0.0012412677436127982,0.0014550240333979347,0.00042062196228579763,0.00010596062378401857,0.00011173841680297426,0.0002649973640246705,0.0012526538348413292,0.000980802715238238,0.0014875757080867807,0.00169166303337304,-1.9899538482984664,-4.804173569058692,1680822923.3058197
0.0006561016285403988,0.00190387413173619,0.0016391309765732929,0.0006755937920798021,0.0002559945318669944,6.4141397850375e-05,0.0012420923737044656,0.0014562625167297883,0.0004217997419632562,0.00010572214092145859,0.00011028300103499054,0.0002640274361522673,0.0012525161166057244,0.00098294560309213,0.0014870388073366968,0.0016924222460164818,-1.9937806826221172,-4.8134123643838045,1680822923.3127038
0.000656531202276956,0.001910999775555586,0.001645019790196849,0.0006773165709024485,0.00025723099195824764,6.415933415220564e-05,0.0012422615377104204,0.0014581518391174838,0.0004213842006338088,0.00010662055507111614,0.00011162210254351058,0.000266440076429465,0.001256724477894439,0.0009846595199138502,0.0014924131851277945,0.0016965416805836085,-1.9976075169457679,-4.822651159708917,1680822923.3191874
0.0006712362757806179,0.0019393613198550321,0.0016710662011263028,0.000692256025034683,0.0002633565194083489,6.417120022111325e-05,0.0012503874828773084,0.0014748179776950191,0.00042495782364141137,0.0001093395050294305,0.00011325817991705347,0.00027279661945919104,0.0012762308121413459,0.0010067547206635459,0.0015136059648853278,0.0017209967332520856,-2.001434351269419,-4.831889955034031,1680822923.3262208
0.000657017768890939,0.001915825237343063,0.001649589780404542,0.0006779327952407492,0.00025826151591199376,6.415267940076632e-05,0.0012471044946982847,0.0014641918605332298,0.0004235403382650358,0.00010610801645523245,0.00011134045659804993,0.0002671787757383445,0.0012598834482028122,0.0009866394667696063,0.0014961687036936274,0.0017009635130265568,-2.0052611855930698,-4.841128750359143,1680822923.333583
0.0006651548247431691,0.0019219957540130596,0.0016564302693878395,0.0006860327585829113,0.0002612254367108823,6.416424032274779e-05,0.001239008653502204,0.001460572111584745,0.00042074137840357456,0.00010823480253534765,0.0001133591080613088,0.00027088776328106453,0.00126328249133173,0.0009986763870536645,0.0014998000824820665,0.001703470342630534,-2.009088019916721,-4.850367545684256,1680822923.3405328
0.0006545975086687971,0.0019057051340111537,0.0016418681102990749,0.0006755224155590552,0.00025734630272728143,6.415588000295622e-05,0.0012464345963395674,0.0014608719633687763,0.000423149714739229,0.00010471041175560356,0.00011004898134739934,0.0002651824085254204,0.0012536123319988517,0.0009835994509206636,0.001488301904233384,0.001693829723344181,-2.0129148542403716,-4.859606341009369,1680822923.3472
0.000654406444823769,0.0019086768249016832,0.0016438828034839473,0.0006757536534751544,0.0002564028770968602,6.42484507671338e-05,0.0012447343180631823,0.0014587530197394667,0.0004219730116880061,0.00010567237769025489,0.00011167027748614465,0.0002652963164167175,0.001255193718108116,0.0009837960917604045,0.0014906334804577611,0.0016956331660001253,-2.016741688564023,-4.868845136334482,1680822923.3541577
0.0006672308592725279,0.0019285072762538096,0.0016619217553415185,0.0006870440811196642,0.0002603500115621107,6.423269508185579e-05,0.0012487061736343988,0.0014691549883581222,0.0004250302476014433,0.00010774393548253276,0.00011210192726642566,0.0002687454445934057,0.0012685804594759092,0.0010020025662159202,0.0015052553423857346,0.0017131110011795803,-2.0205685228876735,-4.878083931659595,1680822923.3613331
0.0006544686285350995,0.0019052700662880028,0.0016405429538117247,0.0006753242872396503,0.0002556854341682358,6.429311377910063e-05,0.0012393536257953857,0.0014526328119346058,0.0004194595138742866,0.00010660970007033621,0.00011229624696762734,0.0002651306336744266,0.0012523781428393874,0.0009836383118163423,0.001487499339715362,0.0016908326649066768,-2.0243953572113242,-4.887322726984707,1680822923.368487
0.0006665267545874357,0.0019251766843786772,0.0016592394441094708,0.0006874700938817323,0.000261028893767701,6.430945646195623e-05,0.0012410353432319502,0.0014618727601832502,0.00042072377655611104,0.00010899320229689766,0.00011391696608966119,0.0002709303618204001,0.0012665634134893865,0.0010016664022029548,0.001502025709720106,0.0017073366944284842,-2.0282221915349754,-4.8965615223098204,1680822923.3751945
0.000649397186083154,0.0019076093866495997,0.0016422489341507774,0.0006718592148154428,0.0002563455488382074,6.421054912281476e-05,0.0012487909496429993,0.0014615970431673122,0.000423896479952872,0.00010455190144711168,0.00011106852235492032,0.00026533788521796944,0.0012546980548981364,0.0009780275727168419,0.0014902220136809349,0.0016943894380012643,-2.032049025858626,-4.905800317634934,1680822923.3821568
0.0006489037113470954,0.0019043670676993831,0.0016394787121054876,0.0006712487317523175,0.00025535727568678276,6.428645154586095e-05,0.0012430907594797788,0.0014553142572761985,0.0004202892278658236,0.0001056162219876832,0.00011238321578538632,0.00026539937234811516,0.0012518011415796723,0.0009771494175234386,0.001487298754399632,0.0016897821091618654,-2.0358758601822773,-4.915039112960046,1680822923.3881571
0.0006575196428810507,0.0019083688760688005,0.001645131201575249,0.0006773182795190646,0.0002567601250208837,6.43364166083681e-05,0.0012404119581441093,0.0014557742777268725,0.000419833545799638,0.00010690531371955764,0.0001116408828198092,0.00026590189811242766,0.0012550724686993331,0.0009884679244119992,0.001489757660076878,0.0016942947653192453,-2.039702694505928,-4.924277908285159,1680822923.396077
0.0006516909410575296,0.0019042807178996388,0.001640341406818912,0.000672553861780519,0.00025445823053919434,6.437636335770339e-05,0.0012427391093638642,0.0014539780663728524,0.00041932507962964523,0.00010638882386815631,0.00011209105253674608,0.0002641882257843113,0.0012523861411198236,0.0009804893489536825,0.0014871807252951061,0.0016912390886322732,-2.0435295288295787,-4.933516703610271,1680822923.4028401
0.0006654789745467653,0.0019364868366218623,0.0016688030192851641,0.0006860099172397666,0.0002602732938561252,6.442967142894295e-05,0.0012520907496043226,0.0014735962466256177,0.0004238912256717306,0.00010943563945796963,0.00011370537961058519,0.0002702818571306166,0.001274423672778023,0.0010015437902722566,0.0015115173320807756,0.0017192438623325117,-2.04735636315323,-4.9427554989353855,1680822923.4098315
0.0006520400778251928,0.00191692711377136,0.0016505710053453123,0.0006723950807036301,0.000255797521275633,6.440520073526788e-05,0.0012508612262705399,0.0014665390723557932,0.0004238309074618121,0.000106310801462039,0.00011140702355014794,0.000265332390502535,0.0012613077411219292,0.0009816655782515227,0.0014974302494904404,0.0017036330018104203,-2.0511831974768806,-4.951994294260498,1680822923.4168391
0.0006589683849524109,0.0019216789201943986,0.0016556662576219922,0.0006791201580584199,0.0002582037637129002,6.444859854162551e-05,0.0012436864719846269,0.0014620887499275498,0.00042060743560822487,0.00010843646711195403,0.00011334117125344916,0.0002686233659168544,0.0012636528746663945,0.0009913992584010055,0.0015001600707177632,0.0017049141343101416,-2.0550100318005318,-4.96123308958561,1680822923.4238386
0.0006429100141007498,0.0018857877697219946,0.0016244106268422103,0.000662646931835799,0.0002532241290783897,6.430076081984379e-05,0.0012380054732925728,0.0014459075186113014,0.00041918991136486155,0.00010348180896490729,0.00010928501727537997,0.0002618576231964517,0.0012400249663631546,0.0009675368877673948,0.0014735722299916005,0.001675798686885224,-2.0588368661241825,-4.970471884910723,1680822923.4296238
0.0006394970690288115,0.0018831230122795938,0.001621476550399806,0.0006599458765776944,0.00025189000088467206,6.438800681686736e-05,0.0012363963419375068,0.0014422336376651622,0.0004176875593025966,0.00010353866099201042,0.00011048751098679063,0.00026139690293871577,0.0012377611615468956,0.000962926696551226,0.001471596621123349,0.0016725205829476464,-2.062663700447833,-4.9797106802358355,1680822923.4377615
0.0006532057831152066,0.0018996731861312414,0.0016383834088967062,0.0006712368482704881,0.00025540148039009754,6.440520078603037e-05,0.001236379582570767,0.001450009973497038,0.0004199153339255264,0.00010552619238497692,0.00011063735939736689,0.0002642563556164109,0.001249396628492282,0.0009820392021395513,0.0014836286011718901,0.0016875522514119227,-2.0664905347714844,-4.98894947556095,1680822923.4445117
0.0006387810596816836,0.0018885008820858824,0.0016262439023637888,0.000658513559373157,0.0002518257435911385,6.440927667531317e-05,0.001245392057967909,0.0014518261405840709,0.0004215313892383996,0.00010259823634975077,0.00010900918377836588,0.0002606042851779743,0.0012431167165090754,0.000961926679934641,0.0014764552460037608,0.001680698532733291,-2.070317369095135,-4.998188270886062,1680822923.4507325
0.0006593014233181971,0.001928056627947548,0.0016614514922337845,0.0006796054037965911,0.0002600697774165399,6.440134616261844e-05,0.0012515480832863593,0.0014701448249667109,0.0004238392249522203,0.00010753185695728676,0.0001133475322384629,0.00027018178607496785,0.0012706671276362415,0.0009929831213660349,0.00150570041261839,0.0017139016252060906,-2.074144203418786,-5.007427066211175,1680822923.4586945
0.0006508336662359175,0.0019098161127656266,0.001645153500946344,0.0006708241726428114,0.00025716524367671895,6.437557214353557e-05,0.0012470885168157976,0.0014598687017806085,0.0004236129862770923,0.00010464869132508574,0.00011136711839219594,0.00026634784571670153,0.0012568253777399977,0.0009801190211379172,0.0014919553701180112,0.001696946064415715,-2.077971037742437,-5.016665861536287,1680822923.4653466
0.0006475346479005332,0.0019049013897150773,0.001640034841936237,0.0006674102422026933,0.0002555721097190732,6.442136595846556e-05,0.0012418760091510862,0.0014559501847722339,0.0004207659747843306,0.00010503514932329574,0.00011216592226255405,0.00026585853988020467,0.0012530897341936156,0.0009754136641298365,0.0014880170963519563,0.001691280090652873,-2.081797872066088,-5.0259046568614005,1680822923.472335
0.000650817268228978,0.0019066957700584895,0.0016423706002416483,0.0006695248418360305,0.00025619209473888967,6.433743075776833e-05,0.0012432039649034278,0.0014585154549506458,0.0004220817455875445,0.00010512899535941666,0.00011102102671608286,0.0002654976483983782,0.0012548841472008667,0.0009796653913073633,0.001489400383376496,0.0016942412644301342,-2.085624706389739,-5.035143452186514,1680822923.4793432
0.000643109873404736,0.0018937315305536046,0.0016303681103480656,0.0006611658123998692,0.00025217525896769976,6.425598695460467e-05,0.001243942057392708,0.0014538468851020986,0.000421995170553158,0.00010329879110430911,0.0001101955078558751,0.00026095355867495083,0.001246265092226913,0.0009680371771837558,0.0014803120377431336,0.0016847457996837867,-2.0894515407133896,-5.044382247511626,1680822923.485812
0.0006585776478460658,0.0019155557491814944,0.0016517604917148238,0.0006753432751141529,0.00025719586988706537,6.426322380987605e-05,0.0012441179450853595,0.0014633127352840932,0.0004239642036366154,0.00010601927032284075,0.0001114297211628224,0.0002659097837608226,0.0012606427796976408,0.0009900675198866447,0.001496166737647091,0.0017026744249317508,-2.0932783750370403,-5.053621042836739,1680822923.4942105
0.0006431432496788969,0.0019000931744988312,0.0016362345800244149,0.0006612530906235165,0.00025320484466855226,6.418579821867576e-05,0.0012494396564246685,0.0014612605400302473,0.0004250663846089236,0.00010278244625328352,0.00010945652962202228,0.00026161326290017006,0.0012512049650489731,0.0009684854961045836,0.0014856418463060402,0.0016917100039637559,-2.0971052093606914,-5.062859838161852,1680822923.500214
0.0006521900966089714,0.0019091000729313068,0.0016451311000223825,0.0006699107178371544,0.0002564815017518102,6.421869959777401e-05,0.0012430778134177134,0.001459532089993487,0.00042265313869323826,0.00010512157458840127,0.00011182988257288254,0.00026576479344692723,0.0012569025764576206,0.0009811940534757652,0.0014915672273152496,0.0016974099018402919,-2.100932043684342,-5.072098633486965,1680822923.5071318
0.0006455233184904387,0.0018936715446053315,0.0016313119594042183,0.0006629081312818441,0.0002542691782533278,6.417120004746272e-05,0.001242281727220421,0.0014548181590730359,0.00042282594017109364,0.00010275214114985861,0.00010956956347245567,0.0002622368990473541,0.0012466068486193724,0.0009712719103746538,0.0014802857163584357,0.001685122824198292,-2.1047588780079933,-5.081337428812078,1680822923.5141132
0.0006478894724100334,0.0019018752368049029,0.0016376239877181913,0.0006644993829480636,0.00025439854456983223,6.427057650184272e-05,0.0012407287316240259,0.001455576722143364,0.000421799096828231,0.00010458582424623068,0.00011158566173364486,0.0002635012772867783,0.0012515299590413385,0.0009746025233589722,0.0014858554324332202,0.0016903360086896518,-2.108585712331644,-5.09057622413719,1680822923.5210738
0.0006587816040376979,0.0019174596183058415,0.0016524915701567127,0.0006739662589244069,0.00025755423935453083,6.424043535424977e-05,0.001244025102618678,0.0014641304464425452,0.0004245474690104476,0.00010614826217331736,0.00011173900960984482,0.00026606949796344323,0.0012623621558468284,0.0009900182611318625,0.0014972799366129107,0.001704669359435471,-2.112412546655295,-5.099815019462304,1680822923.5281556
0.0006468727392705426,0.001904544808719271,0.001639236797267928,0.0006630551219989967,0.0002542696127043231,6.421222115889014e-05,0.0012491838024082647,0.0014630302495929023,0.00042441414951701635,0.00010392135715358185,0.00011104714203735106,0.00026275789740053313,0.0012551729649372594,0.0009728592330249982,0.0014885460961260848,0.0016962066559630363,-2.116239380978946,-5.1090538147874165,1680822923.5351412
0.0006593150942993373,0.001925518803716253,0.0016588113876700344,0.0006754711992926942,0.00025961890918577504,6.425569874869192e-05,0.0012515225142303026,0.0014732080671862457,0.00042592822070747205,0.00010647829340534193,0.0001126186658264453,0.0002684456980401098,0.0012700489894376461,0.0009912790400634318,0.0015039249792320188,0.0017141199005706088,-2.1200662153025966,-5.118292610112529,1680822923.5421538
0.0006500131979291089,0.0019063126325075768,0.0016421581998313911,0.0006662187058594095,0.0002563388593268213,6.418561113403282e-05,0.0012464271299676322,0.0014623298350314776,0.0004255420664901686,0.00010362833005649958,0.00011047375918006647,0.0002642941516600164,0.0012560278120844121,0.0009774219028421379,0.001489571849337909,0.0016968750740154837,-2.123893049626248,-5.127531405437642,1680822923.548847
0.0006514702889278759,0.0019079572846089675,0.0016433278728299613,0.0006673283152543097,0.0002561846735593368,6.424838232896001e-05,0.0012412374829331358,0.0014589755367883225,0.0004224453600706425,0.00010527740922066555,0.0001120376617316181,0.0002655273314047231,0.0012569693622278587,0.000978596809940591,0.001490506067411066,0.0016968607692549103,-2.127719883949899,-5.136770200762755,1680822923.5553944
0.0006550621011385601,0.0019103472995906764,0.001645584368520432,0.0006694444559254329,0.0002570221470038401,6.416329290187566e-05,0.001242716988303656,0.0014619268431575341,0.00042391435598775653,0.00010527330832037782,0.00011096936562855837,0.00026540865376775756,0.0012590672175350297,0.0009830582100099517,0.0014925364267462304,0.0017001389242590596,-2.1315467182735497,-5.146008996087868,1680822923.5624425
0.0006491691075335864,0.0019065910804441821,0.0016410778537421988,0.0006642400120781448,0.00025493780949671066,6.417478813224797e-05,0.0012431691105020861,0.0014601532991429115,0.00042293602829757035,0.00010489939627154646,0.00011167946006574503,0.0002640540511704601,0.0012562428480379921,0.0009747080240469102,0.0014897350141625067,0.0016957531789899938,-2.1353735525972004,-5.155247791412981,1680822923.5696511
0.0006615929229511957,0.001931428142833678,0.0016633489619534713,0.0006766659828297136,0.00026075863979230544,6.417986343258922e-05,0.001251321665338181,0.0014759852928501408,0.0004264183202199435,0.00010720894281209164,0.00011295322510308033,0.0002699964805149536,0.0012744579453315397,0.0009931472004244876,0.0015085109686266743,0.0017186850517268708,-2.139200386920851,-5.164486586738094,1680822923.575587
0.0006508038944027496,0.0019148030636353557,0.0016488628692555225,0.0006659860801154206,0.00025669506573329027,6.404414461113364e-05,0.0012509931838807957,0.001470203806878668,0.0004264157022269253,0.0001046176082333907,0.00011146017994860813,0.0002654363268143036,0.0012629183977506645,0.0009770273812674448,0.0014965809382214378,0.001705304962615628,-2.1430272212445023,-5.173725382063207,1680822923.5834882
0.0006560779694159167,0.0019150215279695887,0.0016501309353549923,0.000671017666579212,0.0002583892097092511,6.409806128516227e-05,0.0012407381632116407,0.0014626790173500684,0.0004226508162741781,0.00010628957134286223,0.00011318885791514111,0.00026800617325655526,0.0012621867684378502,0.0009844660404719732,0.0014957865887316917,0.0017025099621299478,-2.146854055568153,-5.182964177388319,1680822923.5895708
0.0006515894783930711,0.0019015898542462002,0.0016384114256137573,0.0006656305513066508,0.0002551822189411827,6.409449617181198e-05,0.0012362307490556424,0.0014545789940857336,0.0004197430239722854,0.00010562350505645318,0.00011257068121429331,0.0002644695776426243,0.0012530374938562515,0.0009767129671564615,0.0014851920540465292,0.0016908637094254272,-2.150680889891804,-5.1922029727134325,1680822923.5965834
0.0006488084826386048,0.0019011228774178442,0.0016371586672543138,0.0006634192714614073,0.0002536123873550689,6.411923780278983e-05,0.001235483205563177,0.0014518562713659914,0.0004186658106299169,0.00010587517776869236,0.00011385503215609667,0.000263827817402864,0.0012524811359446845,0.0009727693911398366,0.0014850185170705314,0.0016896150356739592,-2.154507724215455,-5.201441768038545,1680822923.603585
0.0006645679441867177,0.0019271286703170939,0.0016609143605508996,0.0006779064807976349,0.00025890242178963776,6.409864727174863e-05,0.001241103095690494,0.0014666356669139776,0.0004223426104400881,0.00010858917521933862,0.00011482740888745534,0.00026887889785972755,0.0012699980394633558,0.000995311942101469,0.0015045509660617095,0.0017123797946579744,-2.1583345585391056,-5.210680563363658,1680822923.610732
0.0006478620933692591,0.0019100248954147148,0.0016425875591856958,0.0006618585324417038,0.00025336566070153984,6.406004966274274e-05,0.0012460142385225267,0.001463327782761046,0.0004227225847417436,0.00010556024719774028,0.00011312283860990489,0.00026335881981338205,0.0012594538353652275,0.0009713905461846354,0.001492449405073163,0.0016998977099262236,-2.1621613928627568,-5.219919358688771,1680822923.617904
0.000659919514999287,0.0019283323759411038,0.001659936180358911,0.0006738769262779593,0.0002584533041049183,6.406872252652931e-05,0.0012446370416952055,0.0014696594692860249,0.00042287691028999706,0.0001081582741766921,0.00011497359801520696,0.0002688863549841034,0.0012717738651139652,0.0009891090389443225,0.0015054010221679968,0.0017140464339649897,-2.1659882271864075,-5.229158154013883,1680822923.6249027
0.0006553458190353338,0.0019097741741065802,0.0016455923152145036,0.0006696476797041668,0.0002575286477786988,6.395581427373943e-05,0.0012368255156916617,0.0014588630085887657,0.0004231125803895185,0.00010511941089990409,0.00011232889451435634,0.00026640692881549827,0.00125770740745739,0.0009817561461169385,0.0014910092568807822,0.0016967028029092176,-2.169815061510058,-5.238396949338997,1680822923.6321409
0.0006570876856751378,0.0019106061074083247,0.0016461894130813616,0.0006712255944806684,0.00025732506866327584,6.399861047290924e-05,0.0012319184339792306,0.0014550025474369143,0.0004200773551533262,0.00010655598629508698,0.00011388955311625014,0.0002674106164773976,0.001257593485100669,0.0009838397106025642,0.0014910353129300132,0.0016954150416516795,-2.1736418958337094,-5.247635744664109,1680822923.639015
0.0006554036332404237,0.0019132417236160735,0.001647095962082325,0.0006689210688092452,0.0002557824037310262,6.404901298041317e-05,0.0012392165473499319,0.0014599791893383607,0.0004225491646462908,0.00010621159795511797,0.00011303679446835554,0.00026533325009647036,0.0012603790946239565,0.000980427805414616,0.001493300037967877,0.0017005156906164083,-2.1774687301573605,-5.256874539989223,1680822923.6459584
0.000649554656556661,0.001909075658246655,0.0016420322091256726,0.0006641398129949161,0.00025351918089771305,6.409531503870437e-05,0.001240035983765382,0.0014573861150251593,0.0004216491777409906,0.00010577482484894716,0.00011381154289700139,0.00026380740408678055,0.0012572389922257622,0.0009721529790622817,0.001490410692992453,0.0016966330518469676,-2.1812955644810113,-5.266113335314335,1680822923.6529586
0.0006537072335980291,0.0019128052486318363,0.0016461872593801538,0.0006678912570947659,0.0002554314387105529,6.401777385757736e-05,0.0012407190485669583,0.0014610511669969936,0.00042314060376969355,0.00010593762769733278,0.00011260196103640501,0.00026468415450416933,0.0012590236577891658,0.0009779092392818711,0.001492751379542083,0.0016989961573438417,-2.185122398804662,-5.2753521306394475,1680822923.6597054
0.0006401647172742089,0.0018919062135016233,0.001626689746640578,0.0006543164620983301,0.00025084180860182804,6.400186608673038e-05,0.001238765877454053,0.0014533097295167283,0.00042297654358967456,0.0001026674190621921,0.00011026216283965643,0.0002594435501350745,0.0012448616623986749,0.0009577372652899337,0.0014774238093478748,0.0016819822545698481,-2.1889492331283127,-5.284590925964561,1680822923.666682
0.0006500210644049845,0.001910195359148208,0.0016432497013246993,0.00066505923668372,0.0002552653935537762,6.411124985305349e-05,0.0012399038982897485,0.0014597376787990855,0.0004218431974339199,0.00010601260953330689,0.00011354616889535907,0.00026546935245235273,0.0012584085239551142,0.0009723792823638792,0.001490371260490622,0.0016963826496443667,-2.192776067451964,-5.293829721289674,1680822923.673686
0.0006456952546911546,0.0018996088632834854,0.001634725774450676,0.0006609352469902482,0.00025395234513485076,6.406052427983269e-05,0.0012410985188833399,0.0014569433760018306,0.0004230937520768723,0.00010402234054774845,0.00011172491750961446,0.0002629461943269591,0.0012518190686354944,0.0009657501253305807,0.0014829114205444668,0.0016885987756510398,-2.196602901775615,-5.303068516614787,1680822923.681754
0.0006415850945456571,0.0018925806100997175,0.0016278964654290462,0.0006565320309017052,0.0002511931795728474,6.411260681358857e-05,0.0012357832220400513,0.0014501900119674766,0.0004198984880647215,0.00010419822781772479,0.00011252519155036111,0.0002609904530973698,0.001246806949662219,0.0009592075047472852,0.0014773512616232307,0.0016819033942202363,-2.2004297360992657,-5.312307311939899,1680822923.6877124
0.0006457559405466118,0.0018958321789203207,0.0016314434441833466,0.0006595777511012062,0.0002526618236273115,6.400974933463181e-05,0.001236835942479222,0.0014531540091791278,0.00042105830989342936,0.00010443892207991442,0.00011164803227824147,0.0002616378015333104,0.001249412750769906,0.0009644553005539223,0.001479574987973279,0.0016855826013856714,-2.2042565704229165,-5.321546107265012,1680822923.6960282
0.0006390069402510831,0.0018976426068426902,0.0016306067866766832,0.0006540347642460925,0.0002509700224946364,6.401899297397602e-05,0.0012475537102951927,0.0014600802854205662,0.0004235877595311863,0.00010344700013729488,0.00011147608613733575,0.0002602889541896574,0.0012518353847206143,0.0009552323656013421,0.001481900776164662,0.0016893824506728692,-2.2080834047465676,-5.330784902590126,1680822923.7009366
0.0006559247385012661,0.0019169674732947136,0.0016500216273273565,0.0006694036133038937,0.00025576315755929997,6.406193520369229e-05,0.001241972527317169,0.0014639564929205897,0.0004236079646842546,0.00010699603187219832,0.00011287067366110025,0.0002650447962110277,0.0012643304674936997,0.0009787095095268115,0.0014950891138285234,0.001703981862603938,-2.2119102390702183,-5.340023697915238,1680822923.708099
0.0006489044551259382,0.0019009816550388467,0.0016361154667257876,0.0006622425401880939,0.00025338511419332576,6.397041769662528e-05,0.0012401646314900573,0.0014565560163722633,0.00042403710863614543,0.00010450094104450402,0.00011072692147014876,0.0002615451577300608,0.0012531251556158836,0.0009680707529700882,0.0014833862937270632,0.0016902306510874084,-2.215737073393869,-5.349262493240351,1680822923.7151227
0.0006516586392786723,0.0019079233907156787,0.0016416594384354958,0.0006646737867596266,0.00025381757428612607,6.409333241051705e-05,0.001237259103314061,0.001458701311497569,0.0004223275673232809,0.0001064701282313303,0.00011244586838377775,0.00026328716777065524,0.0012579415210250866,0.0009717707375272568,0.0014882550041519784,0.001695263831496196,-2.21956390771752,-5.3585012885654635,1680822923.7221258
0.000652967910138527,0.00190633026456583,0.0016411909190072124,0.0006652850260095312,0.000253923888481365,6.405666333323877e-05,0.0012384211698396202,0.0014604812130571752,0.0004235711504666792,0.00010595781624152507,0.00011085406100511092,0.0002622934092901882,0.0012575012281033759,0.0009731211622195024,0.001487295803538776,0.0016957687571751497,-2.2233907420411714,-5.367740083890577,1680822923.7298324
0.0006472901412821747,0.001902104565061302,0.001636351665843944,0.000660750679468927,0.00025147920554170733,6.408953931024161e-05,0.0012403749498444265,0.0014583804407844912,0.00042289780378639865,0.000105489582651016,0.00011151327223319138,0.00026043974200728385,0.0012547275976668671,0.0009652351951440402,0.0014845515145096872,0.001692388565923832,-2.227217576364822,-5.37697887921569,1680822923.736164
0.0006638391056656153,0.0019346329923818678,0.0016663151391730934,0.0006777880038065204,0.0002583154787766141,6.409689535811434e-05,0.0012498365319152072,0.0014786362929632613,0.00042753944958830663,0.00010865777173849517,0.00011320911913304264,0.00026732745194053945,0.0012781274729952523,0.0009899031341003993,0.001509278505888206,0.0017221787825452766,-2.231044410688473,-5.386217674540802,1680822923.7431386
0.0006492774656399775,0.0019141684444106976,0.0016469522715530913,0.0006633575211041192,0.00025342538499040495,6.40599580132969e-05,0.0012493020811117318,0.0014712212890265633,0.00042763188488996294,0.00010537761560484964,0.00011068597602362209,0.0002619859978014592,0.001264586098508906,0.0009685843729893728,0.0014943701187896468,0.0017057976854457791,-2.2348712450121235,-5.395456469865915,1680822923.7501407
0.0006572524995084729,0.001920601547906398,0.0016534822481435291,0.000671340974517745,0.0002564087650920564,6.419581471763807e-05,0.00124126887781523,0.0014667294343587746,0.00042448181345540405,0.000107771973647377,0.00011276023700233826,0.0002661905573144806,0.0012686144544703849,0.0009799692185152222,0.0014979772384784299,0.0017088474895770385,-2.2386980793357747,-5.4046952651910285,1680822923.7569313
0.0006510251737392581,0.0019056445889002287,0.001640384585484808,0.0006649772599878388,0.0002543662280656342,6.41316002240427e-05,0.0012406828259580757,0.0014625845127914337,0.00042464054490391203,0.00010553879650374201,0.00011057145772216485,0.0002628675564692567,0.0012590326882371914,0.0009707772870778095,0.0014869503397073776,0.001697501431956343,-2.2425249136594254,-5.413934060516142,1680822923.7640305
0.000643790728661898,0.0018919908966170235,0.0016276009211142,0.0006575395593277014,0.0002498251043625982,6.42559375705529e-05,0.0012315077734361413,0.001448632951693471,0.0004204650943510616,0.00010553158069987831,0.00011158631204911167,0.00025953744904836225,0.0012485061991653916,0.0009603927452548813,0.0014762180499865013,0.0016831135649175222,-2.2463517479830766,-5.423172855841254,1680822923.771032
0.0006568812606214991,0.0019130020433963011,0.0016474507898337663,0.0006696212926779855,0.00025396735991647647,6.421817933841909e-05,0.0012365190136861372,0.0014608847496190075,0.0004238219683038636,0.00010765591558361916,0.00011222791266140392,0.0002633140557896211,0.0012631627276094056,0.0009790381976179168,0.0014920028649876003,0.0017025024530208169,-2.2501785823067273,-5.432411651166366,1680822923.7774475
0.0006504670733882441,0.001913408126487407,0.0016463929689465966,0.0006649776494831916,0.000254169853519151,6.424855165033107e-05,0.0012474768144157225,0.0014680698667975838,0.0004263600817321442,0.0001063497675386108,0.0001113529078684348,0.00026344987460266386,0.0012663376323804004,0.0009708368418045602,0.0014930635655937253,0.001707178936928387,-2.254005416630378,-5.441650446491479,1680822923.7844298
0.000661539876992325,0.0019283210743648363,0.0016610300218226344,0.000675999100948575,0.0002587579927235139,6.432384926260708e-05,0.0012435312660186955,0.001471355003559438,0.00042563776389026726,0.00010892919656507215,0.00011305174186250986,0.00026852630663921564,0.001276299449259804,0.0009870694721030304,0.0015033956766136777,0.0017180787915699598,-2.257832250954029,-5.450889241816593,1680822923.7915797
0.0006537920992098119,0.0019130142748669486,0.0016472074772969436,0.0006682591602245848,0.00025618299085558316,6.427889753334656e-05,0.001241016889945036,0.0014637203085152489,0.00042630812134497896,0.00010627726643378549,0.00011072866926641415,0.00026497608137161457,0.0012650999263142673,0.0009756881463456411,0.0014919961251463265,0.0017045114659062742,-2.26165908527768,-5.460128037141706,1680822923.7987833
0.0006544188378267502,0.001913895421307962,0.0016474357741867395,0.0006688855691698838,0.0002559117726062175,6.438334177427155e-05,0.0012341767092081436,0.0014589328303143397,0.00042304120010769927,0.00010761837858519578,0.00011249067091034066,0.00026615184788648277,0.0012647392798006978,0.0009766283273400565,0.001491785148785898,0.001703118057548636,-2.2654859196013306,-5.469366832466818,1680822923.8057158
0.0006576658004167187,0.0019153156956619112,0.0016491278016805822,0.0006708133714452,0.0002564630396524379,6.434859741765417e-05,0.0012352974859462724,0.0014613363909766254,0.0004244942963824555,0.00010768746832085623,0.00011124988499001637,0.00026563684825825897,0.0012664278978914976,0.0009806893885370037,0.0014930100865519532,0.0017060488759571692,-2.2693127539249818,-5.47860562779193,1680822923.812629
0.0006495175867641282,0.0019087509930208531,0.0016419845822012726,0.0006637991246795918,0.0002540692456678879,6.437427749546686e-05,0.0012376001128812,0.0014598783111010093,0.0004241224715028085,0.0001066414151854114,0.0001113575054531152,0.0002636050798071891,0.0012624613927883323,0.000969567683645005,0.0014885302314782635,0.001701035676489675,-2.273139588248633,-5.4878444231170445,1680822923.8186069
0.0006655394671764099,0.0019356221182278113,0.0016679381219774946,0.0006799218215172388,0.00026015843867259665,6.441696331547752e-05,0.0012410873485951277,0.0014732958962585226,0.00042669704578038884,0.00010984706652312377,0.00011326777520639227,0.00026991322813044107,0.0012805830960264518,0.0009932972753597749,0.0015082947538932229,0.0017235996085358338,-2.2769664225722837,-5.497083218442157,1680822923.8266127
0.0006498913328101447,0.00191102022976507,0.0016459639145425355,0.0006648074742453333,0.00025487148327671226,6.43221806934255e-05,0.0012376639938912134,0.0014617230297292094,0.00042530905071385577,0.00010645438945523917,0.00011148047984907453,0.0002642825090105228,0.0012646663397983978,0.0009701314797023252,0.0014904719768176812,0.0017042577349732485,-2.2807932568959344,-5.50632201376727,1680822923.8335598
0.0006550908195326625,0.0019110124426596408,0.0016471694758946934,0.0006699137974859661,0.0002565603117985566,6.435416213756774e-05,0.0012273821012519944,0.0014541600448135898,0.0004215076397241439,0.00010820168837308559,0.00011327150989923469,0.0002668666787332193,0.001263878762600525,0.0009773390528492946,0.0014895123942877482,0.0017013915719460027,-2.284620091219585,-5.515560809092382,1680822923.8395677
0.0006498107360584981,0.0018969481104007132,0.0016350462711288442,0.0006647884469037473,0.00025516881457395934,6.427052630897379e-05,0.0012249957913178895,0.001448456546999792,0.00042090220935568303,0.00010661853143005829,0.0001115112983287955,0.0002642386930755368,0.0012550169424524814,0.0009690382948163419,0.001479083813542688,0.0016907654077840562,-2.2884469255432363,-5.524799604417495,1680822923.847639
0.0006496154118303182,0.0018990534936468725,0.0016365299547133026,0.0006646879200836692,0.0002537569595805863,6.431589843729834e-05,0.0012226416904420427,0.001445614007463915,0.0004193965488119972,0.00010759198866428085,0.00011313036352039404,0.0002640435910369839,0.0012558192751650104,0.0009688471094789298,0.0014805599557100473,0.00169125904532882,-2.2922737598668874,-5.534038399742609,1680822923.854044
0.0006636072603324524,0.0019206379067209546,0.0016567774742036027,0.0006773935091351559,0.0002582043430645786,6.429434389416602e-05,0.0012270541275253867,0.0014575148079551776,0.0004226746286319496,0.00010993212609095981,0.00011378325009704444,0.000268053888689671,0.0012708169183403783,0.0009888756397426082,0.0014967573848836994,0.0017106621100811245,-2.296100594190538,-5.543277195067721,1680822923.860981
0.0006469040313709809,0.0019012073298617358,0.00163685587080679,0.000662097585505834,0.0002533253301500816,6.43377749950532e-05,0.001234107367012945,0.0014541231756383664,0.00042251205979436195,0.00010689911561666082,0.00011217734642135935,0.00026309900672479854,0.0012594548112730374,0.0009646715039056491,0.0014832280012384584,0.0016971380527436074,-2.299927428514189,-5.552515990392834,1680822923.8679712
0.0006559066619210168,0.0019115164757143189,0.0016475234677952374,0.0006711059095041253,0.0002570835698680381,6.43245728579761e-05,0.0012278646829681293,0.0014540896362478224,0.00042114650758188165,0.0001088870554984577,0.00011406338762265484,0.0002675819420431325,0.0012655637297095017,0.0009778285990844546,0.0014902932939885366,0.001703420201067322,-2.30375426283784,-5.561754785717947,1680822923.874378
0.0006407961491724384,0.001898120399419177,0.0016350550637908214,0.0006583368472998078,0.00025334308626507245,6.430837352947164e-05,0.0012379775755066934,0.001457029384361791,0.00042534879823497826,0.00010465725129941121,0.0001109932727212652,0.0002626439473397007,0.0012580391402271282,0.000956430913595048,0.0014814629498889629,0.0016963534485459105,-2.3075810971614907,-5.5709935810430595,1680822923.8820975
0.0006398139504648476,0.00189495211602552,0.001632061341296135,0.0006573276131381266,0.00025221379701179103,6.439484717571232e-05,0.0012326305692080364,0.0014515745983980119,0.0004218841945274392,0.00010570913299576555,0.00011235998816348921,0.00026261205231335277,0.0012555330540295932,0.0009548353662549163,0.001478836137898889,0.0016924532850461252,-2.3114079314851415,-5.580232376368173,1680822923.8882897
0.0006402987857270752,0.0018914634740825945,0.0016288565162833498,0.0006564913267785834,0.0002523934388685346,6.437505067127872e-05,0.0012324672391497587,0.0014509100131377855,0.0004227804448353776,0.00010481913404673453,0.00011065649984868452,0.00026174217349141934,0.0012537218176159489,0.0009542194101811542,0.0014760337992889478,0.0016906446360781997,-2.3152347658087926,-5.589471171693285,1680822923.896276
0.0006328010419949746,0.0018877666896819686,0.0016241494469604709,0.0006502855450546951,0.0002499900756279236,6.44089279141775e-05,0.0012375425103191512,0.0014519347467910257,0.00042322471029480305,0.0001040021300681374,0.00011090390689885134,0.00025986728819817105,0.0012518291931718174,0.0009438948555939608,0.0014738287185914736,0.0016886120537967758,-2.319061600132444,-5.598709967018399,1680822923.9023292
0.0006572506782337261,0.0019299591988354362,0.0016633247245969975,0.0006733381920385655,0.0002578055277875317,6.450203973390917e-05,0.0012416914035943468,0.0014702021611696066,0.0004263517547020161,0.00010952971866840967,0.00011398037959931596,0.0002683568554775693,0.0012805098643912675,0.000978849028688847,0.001504953509284606,0.0017245122840609543,-2.3228884344560945,-5.607948762343511,1680822923.9098525
0.0006441416805781173,0.001909342559520684,0.0016442492990748623,0.0006602896809983027,0.00025333160658964367,6.447992525144675e-05,0.0012397795629652158,0.0014621676771555008,0.0004261174828042026,0.00010634069155172298,0.00011162372474150605,0.0002632774622957926,0.001266852312502589,0.0009599281679668842,0.0014900549229465935,0.0017082285657399848,-2.326715268779745,-5.6171875576686245,1680822923.9168446
0.0006367974334611146,0.0018855267857862724,0.0016244428444658545,0.0006535788952987786,0.0002522623644608757,6.446769753396934e-05,0.0012270916523210542,0.0014433593043411913,0.0004208803016664123,0.00010463951623013268,0.00011129221889518703,0.0002623619152163056,0.0012504381885776183,0.0009487296563148365,0.0014710509090036794,0.0016861647455202315,-2.330542103103396,-5.626426352993737,1680822923.9238646
0.000631628680170432,0.0018737352284869569,0.0016148787299522704,0.0006489221541500537,0.0002509979056108108,6.440720965158862e-05,0.0012270713982541067,0.0014392158148971161,0.00042174256437209687,0.00010251045245013302,0.00010934599666364124,0.0002599174601017402,0.001242735559624437,0.0009411530992381058,0.001462230837214005,0.0016772095064142086,-2.334368937427047,-5.63566514831885,1680822923.931629
0.000641242568095129,0.001893566607372147,0.0016321020606008697,0.0006581759990118491,0.00025267064389373453,6.438822079451491e-05,0.001232317167342159,0.0014487018789941534,0.0004231961242470418,0.00010514463494652588,0.00011129155040725474,0.00026206013413024814,0.0012564195516787792,0.0009547868023148292,0.0014768776952142394,0.0016949829592575155,-2.338195771750698,-5.644903943643963,1680822923.937227
0.0006524777951240258,0.0019107089572143823,0.0016477945345980034,0.000667849067526202,0.0002563125712819919,6.437007467566067e-05,0.001234571324601827,0.001456462616420842,0.00042567898570899693,0.00010678990925972701,0.00011133870592297898,0.00026507435125650795,0.0012672982480686542,0.0009703975752957607,0.0014891590075931682,0.0017092643641321169,-2.342022606074349,-5.6541427389690755,1680822923.9453354
0.0006391519721119551,0.0018979176704466262,0.0016344463185554413,0.0006560191016150826,0.0002526534575027901,6.439677806950258e-05,0.001242409232816183,0.0014564968962014555,0.00042654911389067117,0.00010409385371840338,0.00010993882018457891,0.0002614837595098138,0.00126018767619839,0.0009516456406532033,0.0014803009950136738,0.0017009092567818443,-2.3458494403979997,-5.663381534294189,1680822923.9512973
0.0006428025237919805,0.0018980231844382988,0.0016356989400382218,0.0006596234953463477,0.000254580094179939,6.435947048583514e-05,0.001231010914411414,0.0014481362083437665,0.0004230711609875366,0.00010527174978074387,0.00011157961306988687,0.00026403448884943637,0.0012580340435028757,0.0009559228559808926,0.0014787426752502755,0.0016963047818271367,-2.349676274721651,-5.672620329619302,1680822923.958786
0.0006342550707001595,0.0018808774394832048,0.0016209250634628483,0.0006511930191620541,0.0002518506347422815,6.426322369883392e-05,0.0012275040774987983,0.0014400929407895006,0.000423226883337217,0.00010263754989171589,0.00010946934120121503,0.00026031196032417505,0.001245620185729227,0.0009434988801266237,0.001466196045753133,0.0016815849500701353,-2.3535031090453016,-5.681859124944414,1680822923.965409
0.000646809350715811,0.001905285011483546,0.0016428967863904226,0.0006636896541834198,0.00025673157966636163,6.422586135835614e-05,0.0012321501741521493,0.001452752369884767,0.00042419705858180327,0.00010587739859020498,0.00011204218303117708,0.00026628886710325383,0.0012629890464706986,0.0009609369512069205,0.0014837107984428872,0.0017031024554324727,-2.3573299433689523,-5.691097920269527,1680822923.972525
0.0006477841124559693,0.0019029020119642854,0.0016418558505287924,0.0006637417816364177,0.00025672076610469763,6.410874480549795e-05,0.0012328652318011825,0.001453615583447852,0.0004252726987378817,0.00010524647804507262,0.00011066868598364775,0.00026513986774180973,0.0012618145759551917,0.0009614689694370344,0.0014818929414914805,0.0017025274356246183,-2.3611567776926035,-5.70033671559464,1680822923.9795258
0.000641319934979857,0.001900751849515842,0.001638314536387835,0.0006585866984384512,0.00025446805058479215,6.415187651174786e-05,0.0012377112805840472,0.0014548780286306716,0.00042588701993925425,0.00010453908698696743,0.00011105289489885781,0.00026343149922168586,0.0012608635362295387,0.0009524716438969192,0.001480957120401791,0.0017021005544348095,-2.364983612016254,-5.709575510919753,1680822923.9855654
0.0006495454059687462,0.0019134936445856837,0.001650681043096513,0.0006670717388163005,0.0002569030978972026,6.412091586579534e-05,0.001239141755600868,0.0014602132367924976,0.0004267662285192888,0.00010613917877695301,0.00011229586384520284,0.000266025780732855,0.0012684571679746049,0.0009636188002217865,0.0014898731809948923,0.0017117535726992447,-2.3688104463399053,-5.718814306244866,1680822923.992954
0.000635439405299709,0.0018929158236164494,0.0016315348550687118,0.0006529220979848697,0.00025216734211645385,6.406191722959762e-05,0.0012378335702836131,0.0014531308545149633,0.0004268084608781234,0.00010277470385692842,0.00010992108271304723,0.00026079255196280606,0.001254758797572267,0.00094261761032722,0.0014748796927944502,0.0016954419181165138,-2.372637280663556,-5.728053101569978,1680822924.0000246
0.0006444651528359894,0.0019018352126900142,0.0016403150747996093,0.000661636640946327,0.0002554871288508286,6.408512703857952e-05,0.001232696266994219,0.001451206069205273,0.00042430053401811197,0.00010516609903700557,0.00011217123435172563,0.00026494851679285654,0.001259878272791633,0.000954316291082475,0.0014806810664499534,0.0016997696856763135,-2.3764641149872068,-5.7372918968950914,1680822924.0070245
0.0006418690197539239,0.0018918115993527692,0.0016321561345339734,0.0006582401128591706,0.00025378630905914073,6.400372854201952e-05,0.0012313657942701008,0.001447983231852987,0.0004242441297099767,0.00010399651978602298,0.00011046100210353173,0.00026220463967270883,0.001253613689423845,0.0009499050844108118,0.001473261111315809,0.0016927101021645722,-2.3802909493108575,-5.746530692220204,1680822924.0129492
0.0006470962131937876,0.0018993826997248616,0.0016398132180650978,0.0006641357028047529,0.0002561541096008489,6.405350693390543e-05,0.0012266785843781682,0.0014460723328878745,0.0004219951712354438,0.00010569727554132871,0.00011296246403863184,0.0002659733513864667,0.0012573346859403977,0.0009569153521629984,0.0014784810637906948,0.001695822585053449,-2.3841177836345087,-5.755769487545318,1680822924.0209568
0.0006605198632591986,0.0019273586066268606,0.0016656089776624346,0.0006777464029503542,0.0002614037314200965,6.405567509183742e-05,0.0012374898407400228,0.0014644328032176871,0.00042661248892000874,0.0001081021203495792,0.00011395960442503687,0.0002710509029232104,0.0012768702802235061,0.000976708756066558,0.0014994777772495869,0.0017212320238886867,-2.38794461795816,-5.76500828287043,1680822924.026854
0.0006411961103116006,0.0019024597777367877,0.0016411710351412674,0.0006582918667065507,0.0002544272428276271,6.411090685793359e-05,0.001245488005142494,0.001459406206214671,0.000427771124853836,0.00010366252865134553,0.00011093021951865526,0.00026304402786184134,0.0012613362147349148,0.0009471427247052473,0.0014820796598282366,0.0017042229737525146,-2.3917714522818105,-5.774247078195542,1680822924.0339265
0.0006529715466783658,0.0019179110669290873,0.0016560948802254614,0.0006700682710633729,0.00025894918786515514,6.419549900044652e-05,0.001242748407562633,0.0014632450102574075,0.0004270569663310626,0.0001064256186794088,0.00011276916528385486,0.0002680468743826319,0.0012720732050858002,0.0009640461802400772,0.0014929009031828735,0.0017164225426769164,-2.3955982866054613,-5.783485873520656,1680822924.0419796
0.0006444794208121401,0.001899203326655954,0.001639395195850273,0.0006615619493784368,0.00025619915750036635,6.410799850294972e-05,0.001238316620116157,0.0014526205012626251,0.00042670625560821494,0.0001036826588543208,0.00011064450705357712,0.00026430191263478853,0.001257805139878058,0.0009510957103905591,0.00147869056635278,0.001698962855131696,-2.3994251209291124,-5.792724668845769,1680822924.048422
0.000646038340579887,0.0019019613694436564,0.0016409532551164498,0.0006626755375964632,0.00025593979145816973,6.412223047356651e-05,0.001234165565288189,0.0014506272543886127,0.0004237068787705587,0.0001050251056647867,0.00011237159337273137,0.0002653047103888893,0.0012582383008853913,0.0009524536965955647,0.0014802061452820195,0.0016984710637194234,-2.403251955252763,-5.801963464170882,1680822924.0549793
0.0006537901159897301,0.001911493474440824,0.0016503532043926174,0.0006690890553388895,0.000257904115217946,6.412518813311198e-05,0.0012365455897586771,0.0014562905382875242,0.00042593174154515547,0.00010584260420888869,0.00011181647577899887,0.0002663702976358303,0.0012649732457123508,0.0009629360932108946,0.0014870954727379511,0.0017078373448021229,-2.407078789576414,-5.811202259495994,1680822924.0621078
0.000636365129657185,0.0018822900765376863,0.0016233266621654635,0.0006525901441024076,0.00025088709999529675,6.414019724222787e-05,0.0012313282358927362,0.001441327134515476,0.00042200964573386773,0.00010275602734015781,0.0001114402460440967,0.00025975224190335767,0.0012444558800419694,0.0009373095110470638,0.0014656718944304368,0.0016821188254420457,-2.410905623900065,-5.820441054821107,1680822924.069731
0.0006509640431088058,0.0019102840944771192,0.0016494277231517075,0.0006672839107374974,0.00025672410723198187,6.413619174604402e-05,0.0012389127568133327,0.0014574226613889509,0.00042566913553580593,0.00010531696327477622,0.00011289404494142895,0.0002656387627185659,0.0012634448682309423,0.0009586653191823898,0.001486371000763473,0.0017063305638113128,-2.414732458223716,-5.829679850146221,1680822924.0764604
0.0006454817878704288,0.0019012044596309029,0.0016407306312046209,0.0006618369994028369,0.00025517545972598,6.412965119417109e-05,0.0012356200218552886,0.0014511244411105865,0.00042384787261747923,0.0001044759739505668,0.00011247548319128785,0.000264510696357156,0.0012577040122197496,0.000950145860451392,0.001479597648826407,0.0016985749527576627,-2.418559292547367,-5.838918645471333,1680822924.0833926
0.0006520718624253068,0.0019069342833020846,0.0016464222508104425,0.000668199163103411,0.0002574679930250968,6.415560586135957e-05,0.001230917466512581,0.0014480595154746667,0.00042105479730651315,0.00010648016538498398,0.00011445925881170815,0.00026779162018421336,0.0012609889658150542,0.0009592516039561449,0.001483035312900033,0.0017010229294541614,-2.4223861268710176,-5.848157440796446,1680822924.0904596
0.0006452571802636478,0.0018949268751369199,0.0016350725797088647,0.0006604774159565648,0.0002546338337472847,6.40499933511024e-05,0.0012322289334847597,0.0014473342658504731,0.00042159322094669334,0.00010452700189125191,0.00011236505565492167,0.0002639130331051177,0.0012526402281361887,0.0009487501765579301,0.001474517460825192,0.0016918065619328502,-2.4262129611946683,-5.857396236121558,1680822924.0970654
0.0006461048971979701,0.0018991919540751081,0.0016384908673063147,0.000661705136804821,0.00025444267911155243,6.408005064131301e-05,0.0012303354458950738,0.0014457622578847285,0.00042033643857050565,0.0001056756061892119,0.00011411683164954794,0.0002649293398453038,0.0012546211442445157,0.0009499508788980977,0.0014775427865297475,0.0016936106981789946,-2.4300397955183195,-5.866635031446672,1680822924.1050866
0.0006588394573620578,0.0019193885031992648,0.0016574726627088176,0.0006733026094104204,0.00025829416560781636,6.405110797034474e-05,0.001235676520522345,0.0014575260533034845,0.0004236501993308035,0.00010773910249856743,0.00011462893626352956,0.0002681143420679851,0.0012685466094636026,0.0009679157057455135,0.0014926115716173921,0.001712143536820128,-2.43386662984197,-5.875873826771785,1680822924.1110334
0.000646862411962577,0.0019067090000332194,0.001645602809246966,0.0006628839993035558,0.00025678021917264056,6.403476505644711e-05,0.001242616393612663,0.001458111911884404,0.00042596494967602427,0.00010416980223397398,0.0001122469224363183,0.0002657269585503663,0.0012608267612577997,0.0009512652124879949,0.0014837803499561384,0.0017033512724235545,-2.4376934641656214,-5.885112622096897,1680822924.1178954
0.0006580874702689419,0.0019198828794295254,0.0016586322724622025,0.0006740769530424456,0.00026106743913711797,6.406478626984547e-05,0.0012375326221362901,0.0014595536647691208,0.0004244807295794362,0.0001068280701295271,0.00011430763712569538,0.00027066113105454195,0.001269236828272635,0.0009673523220256156,0.0014927003577410996,0.0017124469958111313,-2.441520298489272,-5.89435141742201,1680822924.1249208
0.0006499494848092334,0.0018978974608222126,0.0016399317409278328,0.0006661905537508904,0.00025830894936482515,6.392730239729809e-05,0.0012303778391759062,0.0014460320743141478,0.0004221655671916448,0.00010434010775280843,0.00011277465544387931,0.0002670648155572053,0.0012527750313882859,0.0009546228859521348,0.0014760240097432002,0.001692189423396361,-2.4453471328129233,-5.903590212747123,1680822924.1317859
0.0006510347323855028,0.0019012485831792578,0.0016423552912096177,0.0006670251115425567,0.00025749791069128934,6.396906117712171e-05,0.0012267411929669536,0.0014440142490393171,0.0004199963748412639,0.0001057024442348301,0.00011435384257078232,0.0002675069851195392,0.001254279340168188,0.0009558777395787375,0.0014784689883681665,0.0016932378829105246,-2.449173967136574,-5.9128290080722365,1680822924.1387873
0.000657294097203527,0.0019056723364995148,0.0016461951029644272,0.0006712033211682423,0.00025850026531053764,6.400269721124714e-05,0.0012268196763478307,0.001445857404530568,0.0004206853025101458,0.00010651195221728133,0.00011399485403184339,0.00026760422371341054,0.001256975625944899,0.0009638325669699158,0.0014815567798258976,0.0016971931786367743,-2.4530008014602247,-5.922067803397349,1680822924.1457875
0.0006477508805996982,0.0018950925677594314,0.0016356709057554538,0.0006628452651406152,0.0002553417001731865,6.405399469448913e-05,0.0012291537113628163,0.0014431427780056214,0.0004197359962354101,0.00010503300942102298,0.00011394019061034944,0.00026477942890482537,0.0012498300285155998,0.0009503185749899996,0.0014740638478865232,0.0016885460861060914,-2.456827635783876,-5.931306598722461,1680822924.1526427
0.0006595974236051046,0.00191664294990325,0.0016556235741387773,0.0006747177294582624,0.000260704214860672,6.40864230624292e-05,0.0012329698903641747,0.001454301352860753,0.00042161594755767015,0.00010737185611982672,0.00011509727899859185,0.0002704436311018306,0.0012649861954465607,0.0009675766148523129,0.0014899766649678072,0.0017068804115828,-2.4606544701075266,-5.940545394047574,1680822924.1588845
0.0006481606588202688,0.0019018055342358688,0.0016412574959485727,0.0006629946282642425,0.0002560585221487135,6.41148098537835e-05,0.0012387960778856013,0.0014524379064143188,0.00042289060291255846,0.00010463922925407509,0.00011282425600895366,0.0002651414553626404,0.0012553813309223482,0.0009508656697487835,0.0014798870565351015,0.001696816243400055,-2.4644813044311777,-5.9497841893726875,1680822924.167126
0.0006538668566730256,0.0019025577560546534,0.001643245731098959,0.0006685054376693471,0.00025772453003250847,6.415637282701928e-05,0.001228648726509533,0.0014450219348704856,0.0004191152842834866,0.0001064082984019461,0.0001146358223144653,0.0002678219481542691,0.0012546287736828624,0.0009589339931548856,0.001479710334268932,0.0016941144221490204,-2.4683081387548285,-5.959022984697801,1680822924.1730917
0.0006485450437173924,0.0018936963384132601,0.0016347507667082168,0.0006625641096972071,0.0002558791379057297,6.409449614689432e-05,0.0012325847683605058,0.0014454970484152015,0.000420146504295094,0.00010452310716344854,0.00011291547297878839,0.0002648510487916739,0.0012490467177306082,0.0009508242807261349,0.0014735791939937035,0.0016882227539668357,-2.472134973078479,-5.968261780022913,1680822924.180637
0.0006475162454492367,0.0018947746759707062,0.0016349924920188428,0.0006617675598735171,0.00025452016825297237,6.42178615260705e-05,0.0012316765037950759,0.0014424523208992255,0.00041874672945489103,0.00010523291973025634,0.00011438097829394631,0.0002644847502008762,0.0012495038787865805,0.0009493643849803929,0.0014747426980958314,0.0016881948762623806,-2.47596180740213,-5.977500575348025,1680822924.1874013
0.0006496730616519658,0.0019053379367045854,0.0016433394472346768,0.0006639323889172911,0.0002565864687808181,6.41965914016304e-05,0.001239265922835799,0.0014536148737953072,0.00042319702271059566,0.00010474609405159566,0.00011340089885849128,0.0002658039492226019,0.0012569975389263787,0.0009532205440253014,0.0014835698246479046,0.001698562873916839,-2.479788641725781,-5.986739370673139,1680822924.1945298
0.00063417091584727,0.001887724534468643,0.0016255841404234249,0.0006496552918731271,0.0002522025520582767,6.419437034180322e-05,0.001244411422946238,0.0014505204170269454,0.00042304327494039603,0.00010176540579485456,0.0001119327655693442,0.0002612988604975423,0.001246262817132252,0.0009313041695176729,0.0014711917506268772,0.0016856778988226107,-2.4836154760494322,-5.995978165998252,1680822924.2014701
0.0006435712461695888,0.0018990369357925582,0.0016372890171806752,0.0006587493970594604,0.00025617257732199206,6.427055971110112e-05,0.001240074809000561,0.001451703291850499,0.0004223252915552035,0.00010365012499859649,0.00011320157636562302,0.0002655846474221373,0.0012540205150847808,0.0009455863878699168,0.0014792205652779495,0.0016936733891000765,-2.487442310373083,-6.005216961323365,1680822924.2084703
0.0006352586413859686,0.0018824729062214803,0.0016228661608418508,0.0006506272509845299,0.0002532789467156088,6.423291087796899e-05,0.0012372944013221505,0.0014440961876199202,0.00042258374660881826,0.00010092660612663853,0.00011117992436912007,0.00026170591886372403,0.0012421065653545353,0.0009336658296356376,0.001467065739137859,0.001679596639532202,-2.4912691446967337,-6.014455756648477,1680822924.2155292
0.0006352599504410285,0.0018805436156411341,0.0016209577237545636,0.0006503719704211692,0.00025241687452543486,6.427885955307234e-05,0.001231703969150107,0.0014389255060994893,0.00041911818113361257,0.0001020862751307314,0.00011264045386639124,0.0002620563604120596,0.0012402333085620738,0.000933575776236462,0.0014653109499908027,0.0016765039733384554,-2.495095979020385,-6.02369455197359,1680822924.2223008
0.0006493392523883938,0.0019041857840279433,0.0016416668275462728,0.0006625464525564769,0.00025612218637225044,6.432970296645044e-05,0.0012361806669497159,0.0014514255357196023,0.0004223866607499703,0.0001048155347637047,0.000113273165285638,0.0002650304012113129,0.0012567079642891237,0.0009539912513409736,0.0014830105372060768,0.001698284941534669,-2.4989228133440355,-6.0329333472987035,1680822924.230044
0.0006453212685404174,0.0019043411120909359,0.0016404061326347563,0.0006592601592211797,0.00025416636725473856,6.436956951440914e-05,0.0012386090698878617,0.0014512246314974033,0.0004223294015930073,0.00010475817095623096,0.00011417736617386039,0.00026379825712801065,0.0012569005394920466,0.0009486421639167557,0.0014835765269745197,0.001698539281229047,-2.5027496476676863,-6.042172142623816,1680822924.2359955
0.0006571971132297781,0.0019292519070189008,0.0016620713675354207,0.0006716089796411692,0.0002601057624515368,6.437980103115879e-05,0.0012463859517447625,0.0014665421409711737,0.00042599523020759336,0.0001068066445160739,0.00011517834943690369,0.0002697452482220642,0.0012745029323489394,0.0009670522283041235,0.0015026300894252572,0.0017204328672807787,-2.5065764819913374,-6.051410937948929,1680822924.243131
0.0006440168338249393,0.00190958844950036,0.0016436335240451142,0.0006585324971770387,0.0002558263251820997,6.427827367664857e-05,0.0012445393485249823,0.0014595352021956652,0.00042583039751542724,0.00010376177980517232,0.00011299491445745565,0.00026484123885461115,0.001261462998959136,0.000948130876165722,0.0014883407716052425,0.0017047814135494731,-2.5104033163149886,-6.060649733274042,1680822924.2500098
0.0006507437866299043,0.00191159121273264,0.001646239531856314,0.0006643229508873151,0.00025849844294684887,6.42557338567772e-05,0.0012386399323383401,0.0014570749760756342,0.000423792744768837,0.00010504565499806232,0.00011323958985362698,0.00026738894036067726,0.0012625251759367962,0.0009578441012815447,0.001488862045663432,0.0017047280537751052,-2.5142301506386393,-6.069888528599155,1680822924.2570071
0.0006448698385775718,0.0018972516537858785,0.0016341131175139083,0.0006583573740269447,0.0002565418861775974,6.420902584550386e-05,0.00123815875720878,0.0014535644399754335,0.0004240133985823344,0.00010293729712638119,0.00011100504090013217,0.000264145079679757,0.0012534270759447118,0.000949322668941066,0.0014783483567580662,0.0016940869646033942,-2.51805698496229,-6.079127323924268,1680822924.2640114
0.0006451420591424449,0.0018998000420703148,0.0016360617076317022,0.0006587720831546166,0.00025579428329009076,6.428543451560816e-05,0.001235875078048778,0.001450564592329093,0.000422597330873958,0.00010394650554171005,0.0001127123638869198,0.000264582355770962,0.0012552873051557235,0.0009502591082087529,0.0014806009767240615,0.0016963121822445954,-2.5218838192859407,-6.08836611924938,1680822924.2708983
0.000659945058145067,0.0019245534746054156,0.0016587715016661215,0.000672376933452835,0.00026082453392962723,6.427852451798528e-05,0.0012407621918192663,0.0014640386451381866,0.0004260651759561066,0.00010645509108447489,0.00011353169527193954,0.00026935471470973684,0.0012719451518987193,0.0009714304348173235,0.0014988478823657456,0.0017176259037044127,-2.525710653609592,-6.097604914574494,1680822924.277813
0.0006435875035872448,0.0019075045657685043,0.0016413016715799084,0.0006572690981456103,0.00025630289408870295,6.423164476913397e-05,0.0012476144357484458,0.0014615383418568302,0.00042693201879100313,0.00010308958008400987,0.00011141064044323423,0.00026460816828917095,0.0012616433924936814,0.0009484667651533608,0.001486951516266081,0.0017054464745379428,-2.529537487933243,-6.106843709899606,1680822924.2839355
0.000648126670281217,0.0019091395838786791,0.0016432225498850947,0.0006614639003425895,0.00025732127962408563,6.425576860527022e-05,0.0012400863849455304,0.001456508821056538,0.0004241820097392885,0.00010458802466981073,0.00011278866732090687,0.0002661481564869623,0.001261929911087149,0.0009552333119066992,0.0014875892513812321,0.0017046155474005357,-2.533364322256894,-6.116082505224719,1680822924.291922
0.0006396343138633028,0.001889446375758545,0.0016259517964261284,0.0006528866837041922,0.0002545469367816805,6.418635384065465e-05,0.0012354220417417866,0.0014459148489123527,0.00042375292965183664,0.00010179110235724967,0.00011070800825113824,0.0002622646755339027,0.0012475444159539377,0.0009429782544892417,0.001472834674689184,0.0016870402921785297,-2.5371911565805445,-6.125321300549832,1680822924.298674
0.0006424037807571265,0.0018955955808217476,0.0016302002668297047,0.000655042707708496,0.0002547093509708765,6.415267921719858e-05,0.0012330653444145346,0.0014463499753319495,0.00042167582042397246,0.00010360234026182615,0.0001125195987035964,0.0002636487213007634,0.001250892486221705,0.0009474993318003058,0.0014771624122608914,0.001690093296968375,-2.5410179909041957,-6.134560095874945,1680822924.3056402
0.0006466144274665601,0.0018988564167397857,0.001633915297074813,0.0006581193734149203,0.0002557584937728163,6.409571299183743e-05,0.00123435642785107,0.0014492651376730426,0.0004231169857538162,0.00010379576703019265,0.00011166115842178188,0.00026360865992568016,0.0012536201597038305,0.0009531667557072044,0.0014796835608968386,0.0016943943009397264,-2.5448448252278464,-6.143798891200058,1680822924.3125753
0.0006456073882856328,0.0018992088156858666,0.0016342122838971641,0.0006584525973610029,0.0002561157231142446,6.417396923131525e-05,0.0012318233565048753,0.001446651448776282,0.00042143733065971547,0.00010421947902148918,0.00011313748814245628,0.0002649667944020259,0.0012535345009241526,0.0009527989848860612,0.0014798094770732725,0.0016932169322766792,-2.548671659551497,-6.15303768652517,1680822924.3194423
0.0006592271813463202,0.0019270914840197114,0.0016588730580371967,0.0006721028343255493,0.0002621525423192236,6.416353139651802e-05,0.0012400348211289393,0.001462862568396282,0.0004250575156494878,0.0001068011843332044,0.00011450050054254179,0.00027111718772249464,0.0012729256214710695,0.0009729283371119661,0.0015007073086090324,0.0017173924694450628,-2.5524984938751483,-6.1622764818502835,1680822924.3259382
0.0006468894934680369,0.0019053163297515477,0.0016389033689046294,0.0006595436156675942,0.00025719995059297527,6.417499044848802e-05,0.0012322656962018388,0.0014506283104996332,0.00042368875934122236,0.00010395348591296472,0.00011250475821032511,0.00026576593153678803,0.0012569415932128039,0.000955125030344106,0.001484539284842295,0.0016973137890995916,-2.556325328198799,-6.171515277175396,1680822924.3329372
0.0006519071080166121,0.0019080708018834958,0.001641575936331285,0.0006641064886511484,0.0002585645241656246,6.420245470069613e-05,0.0012259995004850234,0.0014457022497579206,0.00042050633026220925,0.00010579884040928354,0.00011429130786360801,0.0002681508368819115,0.0012581159160534117,0.0009621936511430421,0.0014860680533212364,0.0016970808299385173,-2.56015216252245,-6.180754072500509,1680822924.340134
0.000647856571594295,0.0018965821173658648,0.001631515972655878,0.000659389387373398,0.00025679364271260694,6.417680615991864e-05,0.0012258092073934098,0.0014433850037081325,0.0004208926927364316,0.00010403886078103405,0.00011209140290907216,0.00026511329668394806,0.0012508781458648545,0.0009563357566548802,0.0014776691901328897,0.001688527982290271,-2.563978996846101,-6.189992867825622,1680822924.347056
0.0006429277017674791,0.0019002265745518667,0.001632042116984692,0.0006549308928948324,0.0002547187369490812,6.427061026474333e-05,0.0012351465460288564,0.0014493794552953628,0.0004232361159022824,0.00010354504389428697,0.00011169243738623173,0.0002633093278892301,0.0012542925493745452,0.0009505638772355886,0.0014812082093126734,0.001693926866354214,-2.5678058311697516,-6.1992316631507345,1680822924.3541467
0.0006570265903198804,0.0019229128588719425,0.0016534805252910426,0.0006679788173948775,0.000259380719999474,6.426322371245422e-05,0.001239822285517454,0.0014618509630018532,0.000426678804814511,0.00010595799841588179,0.0001122927326972064,0.000267623510297419,0.0012700382063526496,0.0009708936681839762,0.001498248973276011,0.0017142176713006887,-2.5716326654934023,-6.208470458475848,1680822924.3611436
0.0006412708540553461,0.001905089835194291,0.0016358137627683967,0.0006539917550363666,0.0002549742217055659,6.425590441651867e-05,0.0012446059088502923,0.0014577138869027834,0.0004265526387855998,0.00010289435180236974,0.00011052835320552319,0.0002632157251394601,0.0012599617409254785,0.0009495293858418006,0.001485710101622354,0.0017028656330996977,-2.5754594998170535,-6.217709253800961,1680822924.368133
0.000652097833727192,0.0019198448873708805,0.0016502493338050365,0.0006648295157334787,0.0002594041733637449,6.425566332729752e-05,0.0012406884788015305,0.0014608240445827772,0.00042596689009234765,0.00010521023891616256,0.00011244552072907134,0.0002682120165242368,0.00126960692470889,0.0009656191989190976,0.001496176370206633,0.0017134465474555327,-2.5792863341407046,-6.226948049126073,1680822924.3750577
0.0006446921431457713,0.0019056946930833122,0.0016374428873634035,0.0006575955636542296,0.00025716169333521254,6.416167913892455e-05,0.0012365883458664785,0.001452486668861887,0.0004260303601328751,0.00010285742509241771,0.00011091571294676771,0.0002651909706372314,0.0012590587113240862,0.0009550632025677248,0.00148565547916707,0.0017003425163049837,-2.5831131684643553,-6.236186844451186,1680822924.3820024
0.000644560135464586,0.0019048217124416327,0.001636313532554955,0.0006573604762283943,0.0002563280660090873,6.425575125450809e-05,0.0012319259986032533,0.00144860515133534,0.0004229267388371565,0.0001041213685846023,0.00011221405000807947,0.00026545942273937834,0.0012580796325342225,0.0009550337002819169,0.0014849213380488816,0.0016981706257622644,-2.586940002788006,-6.245425639776299,1680822924.3886752
0.0006513249875134923,0.0019119384724157434,0.0016429940185318515,0.0006627073270461129,0.00025782032458820936,6.42990848973568e-05,0.001231788291364008,0.0014518683190866608,0.00042460347385997466,0.00010474331805759058,0.00011154976762384194,0.00026627638996247683,0.001263123780688602,0.000964457583438819,0.0014899313594430705,0.0017050195087264797,-2.5907668371116572,-6.254664435101413,1680822924.395893
0.0006413633001243155,0.0018999503553738723,0.0016311430841716755,0.000654060112655616,0.0002547079557572468,6.433000995314575e-05,0.00123208777006443,0.0014469985371787395,0.0004230241744766649,0.00010333318713267442,0.00011150337176002189,0.00026350148048478767,0.0012552403351556167,0.0009509472956474498,0.001481155989788177,0.0016947236089137783,-2.594593671435308,-6.263903230426525,1680822924.4029486
0.0006550947142819669,0.0019285163754267115,0.0016573485279022429,0.0006678861584142786,0.0002607556812547175,6.434737792698711e-05,0.001241351271277749,0.001464390562939787,0.00042698322162799566,0.0001059272149957126,0.00011270545368612754,0.0002696301269750057,0.0012754413765963233,0.0009714227792766819,0.0015025353666985775,0.0017201505337620152,-2.5984205057589587,-6.273142025751638,1680822924.409871
0.0006398450086275853,0.0019077882859143524,0.0016369038569696702,0.0006526602937514707,0.0002538023718670956,6.433794839066714e-05,0.0012373584821885786,0.001454500929698529,0.00042549726834104784,0.00010326950723379543,0.00011159383514781397,0.0002628291138307759,0.001261569274035093,0.0009491827585692547,0.0014874021964133557,0.001704126182572551,-2.60224734008261,-6.28238082107675,1680822924.4168687
0.0006454128593396455,0.0019110816684509212,0.0016403110503506906,0.0006578715859378603,0.0002554076950464544,6.436363502451478e-05,0.0012310192069598168,0.001449668649715254,0.0004222449126591353,0.00010523103005620162,0.00011352654584420371,0.0002654565484493131,0.0012630967472047744,0.0009569736320637153,0.0014890993807199493,0.0017046746897958743,-2.606074174406261,-6.291619616401864,1680822924.4236565
0.0006408109540144881,0.0019003034904352411,0.0016298500891098815,0.0006529602602011621,0.00025422472161610405,6.430024172641843e-05,0.0012315143576672434,0.001446448192929855,0.00042307116117614146,0.00010342085048787214,0.00011130568019746655,0.00026299798465905563,0.0012562201586346763,0.0009497482557024693,0.0014808378930033772,0.001696364008789568,-2.6099010087299117,-6.300858411726977,1680822924.430601
0.0006401382136465102,0.0019029028933194544,0.0016315896873931835,0.0006525394892421554,0.0002531512000056561,6.435502831923909e-05,0.0012299368980951018,0.0014441170465558917,0.0004219645701791056,0.00010415232587504197,0.00011294261557038356,0.000263050796856879,0.0012571875621298595,0.0009488770985161041,0.0014827897284498076,0.001697145828331616,-2.6137278430535624,-6.310097207052089,1680822924.4375324
0.0006509072300042596,0.0019205387050774188,0.0016478748400080196,0.0006626814878904848,0.00025744903901799774,6.438059943353919e-05,0.0012348442534990788,0.0014549457968959273,0.00042525968470502834,0.00010568219307176927,0.00011331895146807226,0.0002670224988662799,0.0012697708718590727,0.0009644618732447487,0.0014957632067866284,0.001713370513489779,-2.617554677377213,-6.319336002377202,1680822924.4445133
0.0006363869406307121,0.0019073128558870485,0.0016341262755839151,0.0006494507814250669,0.0002536888821801776,6.436127788078985e-05,0.0012421885035387426,0.0014553131130985004,0.00042672440197197254,0.00010255716698261942,0.00011144992869313755,0.00026304174576033857,0.0012618747696432847,0.0009441866586936593,0.0014866225699215264,0.0017042652134915644,-2.6213815117008643,-6.3285747977023155,1680822924.4504232
0.0006388638088441448,0.0018973050355438619,0.0016268738452102252,0.0006509686923422005,0.0002539211743828359,6.42632237329225e-05,0.0012303890125706098,0.0014442419205686302,0.0004229675106962783,0.00010293221305922671,0.00011147596295308813,0.0002630498099047501,0.0012538287969985709,0.0009470385381946513,0.0014776321367415322,0.0016931508495090888,-2.6252083460245155,-6.337813593027428,1680822924.4586465
0.0006293760464712819,0.0018744531493582674,0.0016076694060219569,0.0006416043348698195,0.000250756013804598,6.418708246753008e-05,0.0012253946017619318,0.0014335038975691122,0.0004216398456372629,0.00010003438900837873,0.0001091028118281252,0.00025870516159399824,0.0012377142549626092,0.0009328674908046933,0.001460480739686068,0.0016733717001372317,-2.629035180348166,-6.347052388352541,1680822924.464593
0.0006301182369894627,0.0018775414239772705,0.0016098882517697427,0.0006423566032222594,0.0002495870214788426,6.42395975506481e-05,0.0012223164414589358,0.001430502514419713,0.0004197979363746473,0.000101269706340636,0.00011076743149931412,0.000258864237056242,0.001239224912654556,0.0009338564681976167,0.0014627680014470178,0.00167481300893341,-2.632862014671817,-6.356291183677653,1680822924.4715867
0.0006334637161540551,0.0018817654293066003,0.0016133335399989037,0.0006448427146604371,0.00025093041880174915,6.424803145399898e-05,0.0012266907488298244,0.0014365944953863082,0.0004221698827118728,0.00010115001147079996,0.00010934622996630282,0.0002589975042067702,0.0012436149138095242,0.0009383114285206554,0.0014653686125948341,0.0016809618488112749,-2.636688848995468,-6.365529979002767,1680822924.4803598
0.0006287398132869789,0.0018805905248324836,0.0016109898865905854,0.0006409279376473318,0.00024879718273357804,6.431794906000509e-05,0.001229421140139522,0.0014362986894815584,0.0004220342615334743,0.00010093704274894731,0.00011016999376257984,0.0002575532421570773,0.0012428757607349347,0.0009319261918885444,0.0014647871488087884,0.0016799985831172958,-2.640515683319119,-6.37476877432788,1680822924.4861653
0.000644392363286185,0.0019129843370589246,0.001639925557808134,0.0006564510820803842,0.00025548001994645447,6.433812254377139e-05,0.001238445194514438,0.0014552923846548234,0.00042640671516847804,0.00010391468258508307,0.0001115468754688178,0.00026438549442400365,0.0012662476495020763,0.0009550054285381519,0.0014885399825409755,0.0017091920264683384,-2.6443425176427695,-6.384007569652992,1680822924.493084
0.000631002919381428,0.0018921183452188285,0.0016204707315305806,0.0006432284187398926,0.0002508511079684533,6.428645136177046e-05,0.0012359366424548116,0.0014474710485172686,0.00042631293835946997,0.00010061453041549634,0.00010926296548947344,0.00025908918839256755,0.0012524050581064275,0.0009358738407375214,0.0014732614985942165,0.0016924842565634,-2.6481693519664207,-6.393246364978105,1680822924.5000522
0.0006284492601552471,0.0018816911519625712,0.0016114584834456855,0.0006416072286094886,0.0002511136366314021,6.432138045007106e-05,0.0012245051945963216,0.001434000399301598,0.00042039343779175415,0.00010137450974690178,0.0001109703744520107,0.0002607603895142129,0.0012453980087114636,0.0009321220632812364,0.0014642927976566001,0.0016813265665456638,-2.6519961862900714,-6.402485160303217,1680822924.506765
0.0006251250168114868,0.0018721018072555525,0.0016036902421529985,0.0006378200072308615,0.0002497707318087752,6.430076059034512e-05,0.0012242894850039202,0.0014320188567467085,0.00042074394117041955,9.991580082858439e-05,0.00010906730307647832,0.00025819401841245564,0.0012395745200244003,0.000926944446825503,0.001457070999204304,0.0016747851878741369,-2.6558230206137226,-6.411723955628331,1680822924.5137677
0.0006236054278711572,0.0018695843078897151,0.0016001686731480257,0.0006359465603213619,0.0002480401952548755,6.443612920467516e-05,0.0012196612315756488,0.001426290551870146,0.00041937517306142976,0.00010013391903104733,0.00011016243887540273,0.0002573842979688987,0.0012374993176255615,0.0009241008312937585,0.0014550649106099892,0.0016723351205225213,-2.6596498549373733,-6.420962750953444,1680822924.5206234
0.0006376306923917103,0.0018957576668380619,0.00162348493129928,0.0006494444396111087,0.0002532312380785582,6.448584453132343e-05,0.0012267522885280537,0.0014417521036285018,0.00042332100306559817,0.00010251691072803214,0.00011102102664309224,0.0002623957965179573,0.0012555297442674116,0.0009445283922887281,0.0014744922085438907,0.001695384050413623,-2.663476689261024,-6.430201546278556,1680822924.5273333
0.0006328114281446117,0.001900131504666181,0.0016261206696211502,0.000645388451098688,0.0002527154912591667,6.440828739138295e-05,0.001239359061795229,0.0014526897553497533,0.0004279597084344831,0.00010106588831270694,0.00010950134187582856,0.00026117995811285544,0.001260211968658275,0.0009381560261831931,0.001478525597272814,0.0017030697131899277,-2.6673035235846747,-6.439440341603669,1680822924.5339804
0.0006463368274543267,0.0019197163683437632,0.0016447075798094054,0.0006589550994249294,0.0002576350453647833,6.444467281278989e-05,0.0012387832616963458,0.0014595765773051158,0.0004281064787937794,0.00010415178599407014,0.00011168948284220652,0.00026653361110541427,0.001273485400058288,0.0009578924900955934,0.0014925700678010316,0.001719026106692421,-2.671130357908326,-6.448679136928782,1680822924.5430276
0.0006351426269315997,0.001893242680200388,0.001621575340103349,0.0006478478067103846,0.00025417346909448126,6.434083630832515e-05,0.0012311296923166223,0.001444587596397205,0.0004262405809860453,0.00010092741190024041,0.00010929404797187766,0.0002620977138323926,0.0012554069078074806,0.0009415105549207317,0.001472473794366313,0.0016960756628355775,-2.674957192231977,-6.4579179322538955,1680822924.5486922
0.0006360649264942584,0.0018944887294287216,0.0016227577038727136,0.0006486059006109098,0.0002534983830215596,6.43967962201403e-05,0.0012262773648962922,0.0014418040475673722,0.0004236029896525022,0.00010234623463250398,0.0001110432887797006,0.00026264067966357295,0.0012559156197980348,0.0009431258824793024,0.0014733271572741691,0.0016969201339159608,-2.6787840265556278,-6.467156727579008,1680822924.5551322
0.0006447411187037212,0.0019058876962004772,0.0016340343276069883,0.0006558069683517136,0.0002559562803774743,6.43782533451288e-05,0.0012285471944748303,0.00144783202530364,0.0004258320496776275,0.00010348066238508433,0.00011102660555761998,0.0002643304376686193,0.0012641066869297352,0.0009549453681131717,0.0014816277276841947,0.001708006050578146,-2.6826108608792785,-6.476395522904121,1680822924.562191
0.0006341719001999715,0.001892994103133262,0.0016212535322106597,0.0006464791904321945,0.00025272691997346925,6.434428972529072e-05,0.0012285551268057108,0.0014427167423516514,0.0004242330850749376,0.0001018188884271394,0.00011119306428875653,0.0002616810273617717,0.001256095452392668,0.0009400191472817356,0.001472217390022531,0.0016979640697564894,-2.6864376952029296,-6.485634318229234,1680822924.569457
0.0006473722246439792,0.0019198979774370831,0.0016448802527851572,0.0006596627545644637,0.0002585493329691505,6.430880047560363e-05,0.0012365581153372138,0.0014585169105809888,0.0004280037079457655,0.00010415048090305495,0.00011268092928292145,0.0002677482411946105,0.00127486537461337,0.0009594286597795623,0.0014923196657049798,0.0017213504502111697,-2.6902645295265804,-6.4948731135543465,1680822924.5763876
0.0006300801595420479,0.0018878287934981555,0.001615583164503856,0.0006417591765448237,0.0002514996375569157,6.427753620191408e-05,0.0012289518561430996,0.001443117280335422,0.0004259263453291989,0.00010028068634949529,0.00011004182532003055,0.00025976511923816764,0.0012522383257457764,0.0009334197455019017,0.0014685506275782245,0.0016934790650488876,-2.6940913638502315,-6.50411190887946,1680822924.583344
0.0006344183672139814,0.0018898558245748335,0.0016175570419384702,0.0006458232419944757,0.0002527391348545886,6.435186258950752e-05,0.0012229660801923515,0.0014381001489218552,0.00042275599001332845,0.00010200124893501574,0.00011172198377471955,0.0002620462226405343,0.0012530368325858673,0.0009392107064207988,0.0014693084337052604,0.0016928336522486743,-2.6979181981738822,-6.513350704204572,1680822924.5903072
0.0006382440644607726,0.0018915582396211964,0.001620927388339254,0.0006495807924098129,0.00025565303147223834,6.430674279655243e-05,0.0012236414105568111,0.0014412877487793142,0.0004244854327825253,0.00010157361111081172,0.00011069811746648499,0.00026402320787777543,0.001255004180564286,0.0009451190850377809,0.0014707284244465735,0.0016957077298748098,-2.7017450324975334,-6.522589499529686,1680822924.598183
0.0006403950409300373,0.0018963882005740844,0.0016248010137659948,0.0006513408084015069,0.0002553487195763554,6.440586399106923e-05,0.0012203781378443254,0.0014392484684993467,0.00042260577303907573,0.00010311394709106025,0.00011246064155108806,0.00026504075521970494,0.001257772422842829,0.0009481903512585071,0.0014740226753278919,0.0016985010201326382,-2.705571866821184,-6.531828294854798,1680822924.6054833
0.0006525568261468775,0.001916392502886951,0.0016434895617921438,0.0006623041843556539,0.0002589792517792855,6.438651043216517e-05,0.001225686147785386,0.0014509156479486833,0.0004259480540751362,0.00010510966954036025,0.00011305395905579793,0.00026810247246873416,0.001271456353063402,0.0009653969737475162,0.0014888571438170589,0.0017167141903832858,-2.709398701144835,-6.541067090179911,1680822924.611121
0.0006369298039087085,0.0018956025840578088,0.0016230969760706114,0.0006476329532808617,0.0002540022398262544,6.42927699714321e-05,0.0012281588435624814,0.0014443270327026913,0.000424816844843426,0.00010215636701407979,0.00011150777305249057,0.00026316898288366675,0.0012584290348863813,0.0009429557016223901,0.0014740432309077608,0.0017012248054496682,-2.7132255354684855,-6.550305885505024,1680822924.6180582
0.000647814513613282,0.0019100602202777222,0.001637521576088789,0.0006584614478494874,0.00025857170648514445,6.433191357416625e-05,0.0012234206619539782,0.001446426259257666,0.00042382435894481826,0.00010472157976441622,0.00011323149492282005,0.0002683104092796334,0.0012676874864291352,0.0009589263590270242,0.0014838622558979043,0.001711187684278249,-2.7170523697921367,-6.559544680830137,1680822924.6249413
0.0006398791467301056,0.001887520410177372,0.0016177901397234316,0.000649993300341252,0.00025554855283344707,6.419749998630405e-05,0.0012163056534291172,0.001433435020887621,0.00042161056638034014,0.00010229536895229268,0.00011160623277171247,0.0002642898119771334,0.00125082522518741,0.0009469185996935762,0.001467034461548296,0.001689743042136239,-2.720879204115788,-6.56878347615525,1680822924.6316452
0.0006408597232653129,0.0018909076341327297,0.0016205947986876914,0.0006506651430266733,0.00025469205262494406,6.426322372835742e-05,0.001212327224051555,0.0014312521136520778,0.00041955890185203267,0.00010368101904314756,0.00011331295893758349,0.00026469358269056326,0.0012524163092405534,0.0009483954465689697,0.0014694404581569644,0.0016910656074843702,-2.7247060384394386,-6.5780222714803624,1680822924.638635
0.000648211853086519,0.0018958157475482155,0.0016265253453876776,0.0006562664647905369,0.0002561844742948828,6.42921711439592e-05,0.0012137861123195566,0.0014343652836130885,0.0004205622753175162,0.00010449287124317978,0.00011306130015895064,0.0002654331686163492,0.0012568453627151226,0.0009584121636520535,0.001473603480255881,0.0016979313404267733,-2.7285328727630893,-6.587261066805475,1680822924.6458046
0.0006377938624770044,0.0018858423120122069,0.0016158771363998334,0.0006468965748074494,0.0002529003884614964,6.429304424773258e-05,0.0012191896546962964,0.001434352169960417,0.0004208197460652807,0.00010251549866423801,0.00011247555186281633,0.00026231621891995797,0.0012510454224277663,0.0009438865973583668,0.0014667372551126674,0.0016914423377681915,-2.7323597070867405,-6.596499862130589,1680822924.6522725
0.0006507075249185223,0.0019070920609378006,0.0016358226669404535,0.0006596997511624112,0.00025838593416187744,6.427863460691306e-05,0.001220816320320176,0.0014438651844486288,0.00042218010179680913,0.000105109669514733,0.00011417124538285416,0.00026812558904649563,0.0012661473170220829,0.0009628079503907286,0.0014822690084959806,0.0017094556844811416,-2.736186541410391,-6.605738657455701,1680822924.6592808
0.0006402906966307445,0.0018905723283233814,0.0016206224708571687,0.0006492136809194416,0.0002544232745188718,6.424845059150723e-05,0.0012208609059912148,0.0014373541019048043,0.0004225122320453868,0.00010240012400248522,0.0001120839261492902,0.0002635383119567628,0.0012539749272507143,0.0009472177565923588,0.0014704533548656504,0.001695101330928417,-2.740013375734042,-6.614977452780814,1680822924.6663013
0.0006421830084525859,0.0018895519657775005,0.0016199053069013854,0.0006509087956878377,0.0002544717073773625,6.432413673279387e-05,0.0012142703635208603,0.0014311815832969287,0.00041885307566741755,0.00010371201166364517,0.00011367890177742566,0.0002647355501390003,0.0012525617976226165,0.0009497175525789381,0.001469221756156326,0.0016920796082891788,-2.743840210057693,-6.624216248105927,1680822924.6727252
0.0006390889614005125,0.0018841595648911782,0.001614371403069294,0.0006467403916371223,0.000253524287678399,6.42925676722005e-05,0.0012186390626661434,0.0014346764665169427,0.00042047662296457405,0.00010232964797322473,0.00011148495562932083,0.0002625989011656484,0.001249552897596079,0.000944830779175407,0.0014656343202647168,0.0016895212292496224,-2.747667044381344,-6.63345504343104,1680822924.680753
0.0006370506940774176,0.0018853110045737905,0.001614575777269114,0.0006449629137773733,0.0002519691622488318,6.433865004544313e-05,0.001219477638082914,0.0014338316916980827,0.00041996620358533937,0.0001026476784489017,0.00011267183523328136,0.00026179721243898657,0.001249972495489887,0.0009420520937290544,0.0014667251090424475,0.0016901604930990928,-2.751493878704995,-6.642693838756153,1680822924.6867602
0.0006401594396506859,0.0018938401572678159,0.0016232682959157019,0.0006485106966632138,0.00025449125162286954,6.427803096049766e-05,0.0012245549761489456,0.0014429536870497542,0.0004235449911844156,0.00010242136468600976,0.00011217190128278279,0.0002638345921222265,0.001256531109331372,0.0009473939103959457,0.001473545351466862,0.001699147765651499,-2.7553207130286457,-6.651932634081265,1680822924.6944413
0.0006249941997298146,0.0018782873281336762,0.0016070537854060963,0.0006344352449621234,0.0002503823431178373,6.426322376430189e-05,0.001232663269249505,0.0014426101492464845,0.00042457231484149816,9.922638709118006e-05,0.00011042284097611346,0.00025947994051168363,0.0012472942170690458,0.0009259246747285839,0.0014628202475240072,0.0016886726610230258,-2.7591475473522964,-6.661171429406378,1680822924.7013803
0.0006340540523176344,0.0018827587420869587,0.0016131093800807763,0.000642471216449078,0.00025318100026284514,6.424858519264628e-05,0.0012222382068854932,0.001436246449884493,0.00042134131613207347,0.00010137926201661647,0.00011191901526611038,0.0002627838886955797,0.0012494219858393853,0.0009386602631363152,0.0014658089982538655,0.0016896982621220603,-2.762974381675947,-6.670410224731491,1680822924.708324
0.0006260309079417384,0.0018636410230089577,0.001596669569627126,0.000634320260073636,0.00025049834904217584,6.420288268322871e-05,0.001219605862444071,0.0014287027012310296,0.00042065258266197367,9.874059505946975e-05,0.0001094285035206697,0.0002589234702084985,0.0012361921069718995,0.0009267556373649052,0.001451496536212093,0.0016735817883303788,-2.7668012159995983,-6.679649020056604,1680822924.714436
0.0006265742334999762,0.0018666282716531736,0.0015987426578929055,0.0006346851259121367,0.00024938654302137736,6.428662053295536e-05,0.0012167586288006594,0.001425926061184654,0.0004189665848507149,9.984196574726067e-05,0.00011117381729250552,0.0002591352130448109,0.0012375271892743663,0.000927542926794417,0.0014538696458507685,0.0016745639053457806,-2.7706280503232494,-6.688887815381717,1680822924.7214859
0.0006464054941891536,0.0018996046708696108,0.0016285936865500876,0.000652227507205559,0.0002549967677697552,6.427796298848655e-05,0.0012235290348619797,0.0014428715026000762,0.0004235698166331289,0.0001036244492749174,0.0001128291233051666,0.00026465836145134664,0.0012597655308661303,0.0009559596695774609,0.001478813217436922,0.0017036460608735962,-2.7744548846469,-6.698126610706829,1680822924.7295477
0.0006393203297683619,0.0018943446146635966,0.0016226919665174443,0.000646096075169318,0.0002525559896356868,6.432399268370248e-05,0.0012267591139081763,0.0014422308152979657,0.0004231953589957293,0.00010276798610769608,0.00011318227343325865,0.000262636049676901,0.0012565207302973668,0.0009462873619257574,0.001475365117056244,0.0016996331281304649,-2.778281718970551,-6.7073654060319425,1680822924.7360868
0.0006419198535983375,0.0018921586327122503,0.0016235517150289315,0.0006483164943599274,0.00025438886637494274,6.426322366094581e-05,0.0012243925089349403,0.0014421973429994247,0.0004232987399260251,0.00010256143463944643,0.00011192635137624636,0.0002636202128436136,0.001255218074088137,0.0009501087576754211,0.0014737649835716996,0.0016976622057395942,-2.782108553294202,-6.716604201357056,1680822924.743041
0.0006294268378801755,0.0018715398500961326,0.0016045713983399755,0.0006358378246086366,0.00024995940193472477,6.423254907268726e-05,0.0012215150502215301,0.0014343045385428572,0.0004230559999751049,9.94009444215959e-05,0.0001096309124347319,0.0002585176078947872,0.0012411927833076994,0.0009319394409381045,0.001458828860239461,0.0016809434139695072,-2.7859353876178528,-6.725842996682169,1680822924.749975
0.0006380367579761236,0.0018803904457187482,0.0016129774946922668,0.0006439263293604463,0.0002525677055601347,6.430734025901322e-05,0.0012183321948216225,0.001433378704399983,0.00042054912583564387,0.00010183588756210876,0.00011175477551830811,0.0002619792544033018,0.001246434484045592,0.0009444855679094566,0.0014653559115245002,0.0016864316876469589,-2.789762221941504,-6.735081792007281,1680822924.756921
0.0006373777765753296,0.0018737870688565795,0.0016075785532901885,0.0006419140052714604,0.00025134480986975283,6.425566326737787e-05,0.0012173722682157805,0.0014311041888568606,0.0004207275472510767,0.00010107471129766269,0.00011023032973111292,0.00025972927163339215,0.001242019101159445,0.000942673447117319,0.001460355300197775,0.0016816475949294459,-2.7935890562651546,-6.7443205873323935,1680822924.763071
0.000635185865937115,0.0018761363913049052,0.0016083729592403513,0.000640898154693898,0.0002504735659716922,6.421950713950716e-05,0.0012194711722561078,0.001432363137806005,0.00042048695253936306,0.00010129108216238002,0.00011141144609517104,0.00025971960230952414,0.0012437046734435366,0.000940013581989114,0.0014624182211041537,0.0016825671156055998,-2.797415890588806,-6.7535593826575075,1680822924.7711396
0.0006491858899705427,0.0019025584170508526,0.0016323682614950853,0.0006544063429179654,0.00025556240870552985,6.421079439642115e-05,0.001228228989023513,0.0014490458146237638,0.0004248338379531692,0.00010366002620240115,0.00011232582362041573,0.0002646701114065918,0.0012618361081777442,0.0009605554355222798,0.00148239079242935,0.0017062185456467138,-2.8012427249124565,-6.76279817798262,1680822924.7771003
0.0006335811902164392,0.0018826724269663565,0.0016130765900541804,0.0006391248635068278,0.0002507814248638827,6.42167682445984e-05,0.0012316627499736371,0.0014442811103720717,0.0004252831769397481,0.00010021965984006202,0.00010993656803063448,0.0002593214663340996,0.0012492383552031594,0.0009378172238501131,0.0014683914366364057,0.0016911680247576222,-2.8050695592361072,-6.772036973307733,1680822924.7841403
0.0006440941170058278,0.0018940212258711513,0.0016240414805555991,0.000649422178449109,0.0002546634321719273,6.423354082893823e-05,0.001225720811664347,0.0014440376742737714,0.0004229499670232911,0.00010299183509337557,0.00011185214455825854,0.0002639541438766467,0.001256390546754808,0.0009535222762063609,0.0014763548074338685,0.0016979516124736801,-2.808896393559758,-6.781275768632845,1680822924.7912292
0.0006384735794138591,0.0018801835643704075,0.001612776297075801,0.0006440697088724742,0.00025282505271261295,6.416329278873277e-05,0.0012259670432652556,0.0014393885900306435,0.0004238221116772613,0.00010061499338671334,0.00010978556966754991,0.0002609040783280409,0.00124715238489574,0.0009454918945440466,0.0014662161841629987,0.0016871556007432168,-2.812723227883409,-6.7905145639579585,1680822924.7986002
0.0006414015115714134,0.001886214041899103,0.0016184235879490847,0.000646641323640224,0.0002528374645820921,6.421900582049894e-05,0.0012239859508576122,0.0014399752345533828,0.0004218895392645993,0.0001022389578417602,0.00011162050321847946,0.0002621747939972444,0.0012512830838125267,0.0009502482014445085,0.0014712740809596201,0.0016922157551974106,-2.8165500622070603,-6.799753359283072,1680822924.805531
0.0006497953873754911,0.0018971931617713636,0.0016286245400154882,0.0006534187400489315,0.0002550095383588863,6.417207015549211e-05,0.0012264400741844733,0.0014457098379361429,0.00042410689358876315,0.00010335288793257795,0.00011137439570544048,0.00026357037312283463,0.0012586704376359886,0.0009617378816824438,0.0014794214489430395,0.0017024892707526152,-2.820376896530711,-6.808992154608184,1680822924.8120346
0.0006392806438986415,0.0018880054131746593,0.0016181945951171664,0.0006444829059804257,0.0002520619314704423,6.418307676620711e-05,0.00123099046299961,0.0014452740695626346,0.00042378754626378953,0.00010168453052317096,0.00011074112685924948,0.0002609072330652244,0.0012529507113183322,0.0009468260671871954,0.0014725895847909679,0.0016945818597847277,-2.8242037308543617,-6.818230949933297,1680822924.8189995
0.0006525125231416497,0.0019127790393485852,0.0016405031373381673,0.0006576596023056754,0.00025791826743790564,6.421807384320461e-05,0.0012365102059499083,0.0014585870508039404,0.0004264323933205345,0.00010435625240748923,0.00011218974284437551,0.00026705357890985897,0.001270553163249346,0.0009663638692125702,0.0014911551129007336,0.0017158957923339294,-2.828030565178013,-6.82746974525841,1680822924.8260348
0.0006435709169135805,0.0018965810138070083,0.0016259822998660404,0.0006482715205564683,0.00025518276392421887,6.418379719056492e-05,0.001233167937430715,0.0014519228390025582,0.0004261807042439614,0.00010195468872511861,0.0001102800245574686,0.00026354420462687333,0.0012586854938122548,0.0009533485331027468,0.0014793755112754133,0.001701625172030147,-2.8318573995016636,-6.836708540583523,1680822924.833291
0.0006477762806061018,0.0018986204017238145,0.0016283346529408168,0.0006522120849152736,0.0002563968444761177,6.424085823517873e-05,0.0012273902951274657,0.0014471078969904474,0.0004229295470090377,0.00010357412734930093,0.00011184932107957763,0.00026579776478131056,0.0012595890056557937,0.0009592068917133206,0.001480484515855782,0.0017012756521752723,-2.8356842338253143,-6.845947335908636,1680822924.840218
0.000644651061289372,0.0018887839733248055,0.001620573630202071,0.0006487195263801039,0.0002550032535017847,6.421699106258594e-05,0.0012274892142889581,0.0014455680821708746,0.00042333591421746876,0.00010222784162284605,0.00010980227109261429,0.00026315559157094213,0.0012536105985340026,0.000954409041825317,0.001473292191393885,0.0016946535667483173,-2.8395110681489655,-6.855186131233748,1680822924.8471725
0.0006466957235292246,0.0018843572334393242,0.0016175218852367834,0.0006510075314531233,0.000254200933033806,6.430084845976767e-05,0.0012145674020127256,0.0014322722394826911,0.00041775610560468356,0.00010395742939326055,0.00011273154060201377,0.0002641338912402997,0.0012489640299288987,0.0009574543081762215,0.0014696713296274777,0.0016871729904092629,-2.843337902472616,-6.864424926558861,1680822924.8541255
0.0006619812286377588,0.001909092311475334,0.0016401592828455818,0.0006650076701557638,0.00025930911064792024,6.428656379020543e-05,0.0012191106963939408,0.0014452067664583422,0.0004210874981865266,0.00010664116451606596,0.00011361986941960327,0.00026894859517550824,0.001265635404563559,0.0009792983965399903,0.001487989269433623,0.0017087326598318785,-2.8471647367962674,-6.8736637218839745,1680822924.8610692
0.0006447148450155914,0.001894292385874455,0.0016239852058548524,0.0006490585644416813,0.00025456120843088046,6.424091003720134e-05,0.0012295101744920582,0.001445706833751859,0.0004226794552556191,0.0001033194966326947,0.00011147884249851359,0.00026406681081109836,0.0012567848577515616,0.0009544799425398238,0.0014776524980654223,0.001698237496050844,-2.850991571119918,-6.882902517209088,1680822924.8677838
0.0006512924750149111,0.0018960710987124955,0.0016268464492614364,0.000655507837869945,0.00025674688046625044,6.424027253073983e-05,0.001218423067299617,0.0014381650434670303,0.00041887381426726104,0.00010525398120729993,0.00011317977783251298,0.00026711315107106546,0.001256636738155846,0.0009639254036350004,0.0014780617934645435,0.0016961283273639353,-2.854818405443569,-6.8921413125342,1680822924.8737774
0.0006473868505849054,0.0018931163939354774,0.0016239634947699717,0.0006514756715554549,0.00025692263220775086,6.410401300371148e-05,0.0012273624374213934,0.0014466462186430715,0.0004241517520242539,0.00010247379031107066,0.00011000734989383918,0.00026536803634801773,0.0012557164184702717,0.0009588174286434607,0.0014766429568136028,0.001696599757479276,-2.85864523976722,-6.901380107859312,1680822924.8818967
0.0006485205450422485,0.001896826171482221,0.0016269430564492258,0.0006522791975041485,0.0002559992774448865,6.417355405912616e-05,0.0012241023211921602,0.0014448091367533613,0.00042225421618378425,0.00010378510747074848,0.0001116685602615097,0.0002656910690147078,0.001257526673844252,0.0009607127759985561,0.0014794290768064499,0.0016982752398171427,-2.862472074090871,-6.910618903184426,1680822924.8888147
0.0006536811333179768,0.0019025127200295215,0.001632891990743701,0.0006560764005335138,0.0002558552625409696,6.419749991189085e-05,0.0012239588165429765,0.0014468207602398955,0.00042169089403190895,0.00010534787222023955,0.00011238031278098375,0.0002655020493932625,0.0012621443195257598,0.000967753029574293,0.0014838159262167622,0.0017045016734889694,-2.866298908414522,-6.919857698509539,1680822924.8958013
0.0006427755506379306,0.0018905003238312785,0.0016205570784645522,0.0006466675499109548,0.00025236892082789743,6.418025469416457e-05,0.0012273823149574132,0.0014443461254157381,0.0004209693728206487,0.00010357542223819067,0.00011208351022688334,0.0002622799398889203,0.0012547243580319073,0.0009525288099776746,0.0014755499905134205,0.001695530843253095,-2.8701257427381726,-6.929096493834652,1680822924.9026132
0.0006569510852581145,0.0019179374520749838,0.001645146314240706,0.0006607413689094465,0.00025840211096571245,6.42008321714792e-05,0.0012336511205369531,0.0014589311594079943,0.0004239189081407222,0.00010640087019881109,0.00011357588946239754,0.00026856412392486093,0.0012735738708754283,0.0009734786529641947,0.0014961164773639503,0.001718651280004928,-2.8739525770618233,-6.938335289159764,1680822924.9096777
0.0006317440407673491,0.0018752678561606867,0.0016064739830929573,0.0006365713973960409,0.00025099966524282503,6.402718579023911e-05,0.0012274427982690915,0.0014392068774100692,0.0004230180018968843,9.973743794728792e-05,0.00010894291549674394,0.0002598777368538973,0.0012440263693714645,0.0009368953651708675,0.0014644324725906345,0.0016819985047617962,-2.8777794113854744,-6.947574084484877,1680822924.9166756
0.0006363791773952364,0.0018773839109800805,0.0016088486950562298,0.0006410099107531729,0.0002524851663498767,6.41057157932379e-05,0.001221103628168686,0.0014338338050362488,0.0004195695494580181,0.00010149021723878725,0.00011075955641206515,0.0002623845384314737,0.0012447298185152783,0.0009433463213363612,0.0014653511316193508,0.0016811212003107374,-2.881606245709125,-6.95681287980999,1680822924.9235978
0.000647555632350233,0.0018950765485738917,0.0016252672612923217,0.0006509020601832724,0.00025540189339235314,6.409294097625312e-05,0.0012262874160055008,0.0014452710187557042,0.00042259733039930235,0.0001035170971621994,0.00011117981932994021,0.00026481186592647337,0.0012569901384711993,0.0009591656313327615,0.0014790018037194787,0.001697585602176768,-2.8854330800327763,-6.966051675135103,1680822924.9305232
0.0006465492369638273,0.0018963312110702733,0.0016258212976611372,0.0006501908214242273,0.0002541534000740631,6.412551679421171e-05,0.001225170707272398,0.001442701723355878,0.0004213066367686311,0.00010412172425081476,0.00011263660044007685,0.00026449671944798564,0.001257248770218125,0.000957850999462889,0.0014800891446048764,0.0016974518433330776,-2.889259914356427,-6.975290470460216,1680822924.9375298
0.0006568619542854311,0.001919415696538986,0.0016475356372473455,0.0006608620138230024,0.0002592824360016537,6.411021602785642e-05,0.001236746466027856,0.0014603344007720225,0.00042567464148695374,0.00010569916052522857,0.00011324025218185472,0.000269220649429093,0.0012739054773542636,0.0009731798182989418,0.0014976609830366148,0.0017188882196285688,-2.893086748680078,-6.984529265785329,1680822924.943278
0.0006440427128204796,0.0019006149946946026,0.0016296610382417218,0.0006483193868310385,0.000254722222117922,6.407465789294387e-05,0.0012364711851078325,0.0014539026394606454,0.0004257061460193355,0.00010262505053936498,0.00011111805321873879,0.00026414297029028614,0.0012613769610263963,0.0009545049793401426,0.001484141046466689,0.0017041219019401851,-2.896913583003729,-6.993768061110441,1680822924.950451
0.0006451747649908119,0.0018863614278346328,0.0016184604375829531,0.0006484247760662909,0.00025414925896232013,6.400528645576534e-05,0.0012220624740624261,0.0014388403164869053,0.00042062933209293936,0.00010282852859336762,0.00011102356273065423,0.0002635160668858489,0.0012498754844765504,0.0009550458346381607,0.0014726669385692413,0.0016884351305388335,-2.9007404173273796,-7.0030068564355545,1680822924.9577136
0.0006384812666545511,0.0018805371592001236,0.0016123381393760771,0.0006418327956013624,0.0002519103000571504,6.392499625598722e-05,0.0012265743127024755,0.0014415025185435819,0.00042351463266108,0.00010073029809747091,0.00010915523657122625,0.000260381362179041,0.0012459070943539822,0.0009454688345588227,0.0014687221374041172,0.0016846496414081574,-2.9045672516510304,-7.012245651760667,1680822924.9666913
0.0006399559220630922,0.00187604401007138,0.0016087753230293648,0.0006430506641406686,0.0002515265738486757,6.395532867653268e-05,0.0012182696643407867,0.0014322172591710784,0.0004192188527038846,0.00010196063179112546,0.00011058169231682657,0.0002610160580602172,0.0012417486416442436,0.0009470062321530569,0.001464664654135724,0.0016778859216592045,-2.9083940859746815,-7.021484447085781,1680822924.972114
0.0006563737879126386,0.0019005447507542386,0.0016304789250379168,0.000657656138691128,0.00025676145186224694,6.405921347883832e-05,0.0012226478998667199,0.0014442467379962378,0.00042122284692795763,0.0001051599906042112,0.0001120599071072157,0.000266160495580575,0.001258896150246325,0.0009697990780035209,0.0014825059346520223,0.0016994271003188957,-2.9122209202983327,-7.030723242410893,1680822924.9790833
0.000646176501349182,0.001889444109750149,0.0016192752034741964,0.0006485167667592439,0.00025353121024031586,6.413529926924083e-05,0.0012254861265849411,0.0014416709298107097,0.00042042746973659334,0.00010354355583972317,0.00011183606918977849,0.0002632158444198009,0.0012519062906445912,0.0009554150429392552,0.0014746528542558313,0.001690860222851875,-2.9160477546219834,-7.0399620377360055,1680822924.9860444
0.0006535196273669202,0.001906293790206249,0.0016343183831025294,0.0006559257623108394,0.0002575610230324369,6.409135698219003e-05,0.0012338837812538174,0.0014559356429656894,0.00042536276341336837,0.0001039569740574142,0.00011157889033774852,0.0002665130403265932,0.00126459562625737,0.0009664889954201288,0.001487686150713396,0.0017077353831578073,-2.919874588945634,-7.049200833061119,1680822924.9925585
0.0006436363542198146,0.0018887053986336338,0.001618969791232635,0.0006462393239766803,0.00025401738471941826,6.402378144579976e-05,0.0012304012877443972,0.0014479307623449682,0.0004254349016068641,0.00010116823461240407,0.00010947919874564168,0.0002621352519768677,0.0012516266915794788,0.0009519221745533785,0.0014747328437071982,0.0016924554085208526,-2.9237014232692853,-7.058439628386232,1680822924.9996004
0.0006390774089834343,0.0018776419820989874,0.001608376173263995,0.0006423559973869874,0.0002528074515584404,6.408875345092318e-05,0.0012205069143281814,0.0014350181430844143,0.000420117192737966,0.00010140358767887958,0.00011097764407299834,0.00026263594541966063,0.0012434424905087033,0.0009452800364938639,0.001465964802363121,0.00168019250924887,-2.927528257592936,-7.067678423711345,1680822925.0068707
0.0006398460035129436,0.0018748008925542354,0.0016056368576246823,0.0006419057229435151,0.0002523117974626058,6.403103729276886e-05,0.0012204844445621809,0.0014347925654576551,0.00042090913798389576,0.00010087378838744691,0.00010957703533208449,0.00026108994474364014,0.001241373740118425,0.0009455232370544547,0.0014635162702828753,0.0016782513064898474,-2.9313550919165867,-7.076917219036457,1680822925.0132298
0.0006348473338922025,0.0018680039475845397,0.0015986590974870639,0.0006374063620266194,0.0002498430502664856,6.406195193174413e-05,0.0012178312156057194,0.0014305324294013844,0.0004197739927342054,0.0001006502982312733,0.000110196333335447,0.0002592093799036431,0.0012366429471276654,0.000938013042831184,0.001459033949859219,0.0016716848383988877,-2.935181926240238,-7.0861560143615705,1680822925.0202637
0.0006496151157780522,0.0018947929732770902,0.0016234255608084315,0.0006518932698532056,0.00025555391464627224,6.408512709739212e-05,0.001224897112179245,0.0014462119441186146,0.0004234842575851136,0.00010331834542628347,0.0001114217441636671,0.00026476299862335874,0.001255017717769885,0.0009598818162772012,0.0014791746633005675,0.0016952059527588857,-2.9390087605638886,-7.095394809686683,1680822925.0272732
0.0006336538386664726,0.0018732960179042068,0.0016022604951151727,0.0006360675533129873,0.00025038827612698395,6.404030110654153e-05,0.0012279733457701927,0.0014400343036462644,0.000423453136836847,9.99539121386605e-05,0.00010934741119921603,0.0002592052527727958,0.001241556255771114,0.0009364904346314049,0.0014639638890464246,0.001679368679826317,-2.9428355948875398,-7.104633605011796,1680822925.0346477
0.0006457422276393443,0.0018856686831587059,0.001615807366139519,0.0006481005108788841,0.00025464302425753975,6.41010917765633e-05,0.0012197778887519343,0.0014396067589343873,0.0004214694708517786,0.00010258533060761375,0.00011128886943015876,0.0002640098323922757,0.0012484973587828406,0.0009544120480073833,0.0014722394965772747,0.001686916985924629,-2.9466624292111905,-7.113872400336909,1680822925.0415862
0.0006372845688610083,0.0018659123100451002,0.001599250321352892,0.0006399280202940236,0.0002519255103511923,6.405053224128915e-05,0.0012168537631334433,0.0014316418195933782,0.0004209089256404326,9.991184266420562e-05,0.00010892844297287233,0.0002600533659119988,0.0012350085040112825,0.0009420259385418654,0.001457476235244172,0.0016703652553379184,-2.950489263534841,-7.1231111956620214,1680822925.0480692
0.0006494370191388822,0.0018948894425273248,0.0016238782247737134,0.0006522049383710243,0.00025573201151281576,6.406286498598914e-05,0.001225245885894328,0.001447013378415155,0.00042370687858571914,0.00010318477289176926,0.00011152563379318311,0.00026509693030753124,0.0012557968902931948,0.0009600524914900154,0.0014801319354099778,0.0016966307264267633,-2.9543160978584924,-7.132349990987135,1680822925.0550337
0.0006594112308710091,0.0019087480961262895,0.0016364652823549065,0.0006605691958607373,0.00025846392558973036,6.402549583579888e-05,0.0012277956652262984,0.001454028291608902,0.00042620781221510237,0.00010459261519510211,0.00011137169419622874,0.00026712949256751077,0.001265203303999633,0.0009737412131184978,0.0014904313293321926,0.0017091640154045342,-2.9581429321821435,-7.141588786312248,1680822925.0623503
0.0006478085921721468,0.0018968679999132924,0.001624102237425173,0.0006505879394705269,0.0002551926440766018,6.399852395120548e-05,0.0012307730815943657,0.0014520694528070241,0.0004258137106497617,0.00010262263394209558,0.00011080626782849752,0.00026425125977639626,0.0012572357082807138,0.0009569999871337235,0.001481936403295599,0.001698857871850943,-2.9619697665057942,-7.15082758163736,1680822925.069362
0.0006610984227240623,0.0019206423954017148,0.001645791783163984,0.0006638178353480793,0.00026083576589227604,6.401255158773551e-05,0.0012353655216890812,0.0014646925621381735,0.0004281328406626664,0.00010517595774862656,0.00011243785301643149,0.0002702549629111565,0.0012740298036130059,0.0009764971560319111,0.0014996119445327028,0.0017194058441149984,-2.965796600829445,-7.160066376962473,1680822925.0763066
0.000652373730124968,0.001902067544675393,0.0016300854751984234,0.0006548801403593793,0.0002575119181770157,6.388434757645635e-05,0.0012301817100494712,0.0014559991837316843,0.0004275325921725551,0.00010250785743965995,0.00011058811885334694,0.0002661532100062402,0.001259981774926437,0.0009633217532470498,0.0014860251112210321,0.0017025528321052853,-2.9696234351530957,-7.169305172287586,1680822925.0832186
0.0006542565448204835,0.0018995624583379783,0.0016281739233580928,0.0006565634287384421,0.00025750228837909914,6.394115860102045e-05,0.0012232407256298613,0.0014486937932715995,0.0004237627844874659,0.00010376488454325214,0.00011206367740735242,0.0002671717326475945,0.0012573946046136593,0.0009656260908047076,0.001483626615189061,0.0016979646900588043,-2.973450269476747,-7.1785439676127,1680822925.0891526
0.0006554126797796476,0.0018954762622414502,0.0016257440203537882,0.0006570734143249947,0.0002576810866537088,6.388775322336463e-05,0.0012228641605396956,0.0014483125499404953,0.000423754587783161,0.00010330493821660884,0.00011097320043109504,0.0002663096891037537,0.0012545914190023938,0.000966172297689247,0.0014805741247717256,0.001694787280553356,-2.9772771038003976,-7.187782762937812,1680822925.0972202
0.0006541846764125588,0.0018962732139740648,0.0016257698805210842,0.0006566057557244867,0.0002568361940998435,6.394938007910833e-05,0.0012214944319402792,0.0014457656137268672,0.0004224783910378688,0.00010387477692654292,0.00011253536598931448,0.0002664457887852032,0.0012548590011583866,0.0009645386814792462,0.0014815661998105751,0.0016948379081546845,-2.9811039381240487,-7.197021558262924,1680822925.104831
0.0006675399918946599,0.0019248445778582268,0.001650951347957162,0.0006699096020839709,0.00026231358437706277,6.394114077091495e-05,0.0012326192424985615,0.001464472981544601,0.0004272277418291578,0.00010625671079662363,0.00011351891395040958,0.0002717460156098215,0.001274597391102904,0.0009842702590133813,0.0015033223167600156,0.0017204445933339555,-2.9849307724476994,-7.206260353588037,1680822925.1103084
0.0006539446320520789,0.0019033705488455037,0.0016303034407837496,0.0006557575610580181,0.00025718554914142217,6.396843836136288e-05,0.0012304122724485585,0.0014555841268917209,0.0004259944266944773,0.00010335177272863719,0.00011179737414722862,0.0002662796806167126,0.001259264398144413,0.0009632187631786977,0.0014878262755897227,0.0017014204311890187,-2.9887576067713506,-7.215499148913151,1680822925.1179042
0.0006642542973223107,0.0019139984382439245,0.0016408186854414129,0.0006659410148537569,0.00026104454250160504,6.401899299989986e-05,0.001223901488721407,0.001454844590235788,0.0004238243577296383,0.00010601142354319254,0.00011391839379755856,0.00027076034910776737,0.0012657794356512907,0.0009779000403645948,0.0014948602686925287,0.0017078142467277482,-2.9925844410950013,-7.224737944238264,1680822925.124953
0.0006554774314337451,0.0019018484697230981,0.0016289459748880769,0.0006574679490137228,0.0002570454406145525,6.403211467452899e-05,0.0012286502126497383,0.0014517226263347372,0.00042521827267665875,0.00010383505668721761,0.00011275139140042613,0.00026625252728762846,0.0012576357593164084,0.0009650144402431957,0.0014867840957032035,0.001699262769734412,-2.996411275418652,-7.233976739563376,1680822925.131955
0.0006555002606491139,0.001902422015000977,0.001628811354052641,0.0006573143874756818,0.0002557922295112298,6.408642299280281e-05,0.0012244142716038382,0.0014485899208068259,0.0004224077062501333,0.00010503501164783554,0.00011429014454535987,0.0002661696648306895,0.0012573683909538834,0.0009647708642247972,0.0014871247842370284,0.0016983478578507048,-3.0002381097423028,-7.243215534888488,1680822925.1388097
0.0006659927916904086,0.001904167064133838,0.0016326260039669898,0.0006659493687661492,0.00025849302852828113,6.406782878158238e-05,0.001217020981671995,0.0014455679285883642,0.00042134385466237583,0.00010627313618899509,0.0001136764319689441,0.00026769830206812667,0.0012579743132429637,0.0009785885025042935,0.0014873028322092872,0.0016989734464549747,-3.004064944065954,-7.252454330213602,1680822925.1457393
0.000654495648928088,0.0018960551584836208,0.0016230108450582957,0.0006560650385162498,0.0002554611906312495,6.409215264587449e-05,0.0012259399963865133,0.0014486596717380995,0.00042280589945078274,0.0001041525381703389,0.00011278046980104743,0.0002647808464175754,0.001254032844361977,0.0009626913555483388,0.0014824796724821209,0.0016950392134141886,-3.007891778389605,-7.261693125538715,1680822925.1518464
0.0006664942658949664,0.0019171168252033308,0.0016409642763781968,0.0006675055496592515,0.00026012261191914784,6.42345347533332e-05,0.0012290628410493046,0.0014575128660254677,0.0004237212892296124,0.00010705994972732518,0.00011454058927893942,0.00026994857424408484,0.0012681013156031287,0.0009798850625166722,0.001498100535727076,0.0017117255492686517,-3.011718612713256,-7.270931920863828,1680822925.1598506
0.000653908056503067,0.0018995137709730949,0.001624357099107901,0.000654830350716414,0.00025554300717353136,6.422603432501664e-05,0.0012299266970711852,0.0014522447266779603,0.0004240405866106037,0.00010408559736550547,0.00011247551687545267,0.00026478828397681874,0.0012560485077841577,0.0009613822901644442,0.001485343254665218,0.0016975829644252372,-3.0155454470369065,-7.28017071618894,1680822925.1678581
0.0006601516198543322,0.001901013245800901,0.0016268081967739689,0.000660924306447712,0.0002575578207234858,6.42785244573523e-05,0.0012188973943325653,0.0014447061225339331,0.0004202049815939106,0.00010595781630432352,0.00011426613168407043,0.00026774048207016675,0.0012558104959144397,0.0009702752237211869,0.001485413808129687,0.0016954550949733293,-3.0193722813605577,-7.289409511514053,1680822925.1735175
0.0006458603471665536,0.0018832636445230767,0.0016100851707072485,0.000647840548532089,0.0002541012707202161,6.420344392989687e-05,0.0012252530843323806,0.0014462812123150967,0.0004225755328386799,0.00010207391201325917,0.00011116790438093229,0.0002628814210411715,0.0012451223774484978,0.0009502289053570653,0.0014730176969985837,0.001683823487837799,-3.0231991156842084,-7.2986483068391665,1680822925.1804557
0.0006431165214120632,0.001883266040384193,0.001609009671487715,0.0006454379892088951,0.00025220240593551956,6.42709106422875e-05,0.001226835675149567,0.0014452307050805975,0.00042211560061872027,0.00010215239082675794,0.00011223771865501842,0.00026173427206207346,0.0012449385328337532,0.0009463989612131801,0.0014734803827439412,0.0016837348906951623,-3.0270259500078596,-7.307887102164279,1680822925.1866915
0.0006552637968089259,0.0019049918665511934,0.0016290948210678485,0.0006573494009056407,0.0002572297670194989,6.430007185347202e-05,0.0012320778140540766,0.0014572275550091627,0.00042480791550458704,0.00010439826096736489,0.00011299125509889013,0.00026650076912263334,0.0012602740400002987,0.0009641547060865261,0.0014891822908622932,0.0017029754220223142,-3.0308527843315103,-7.317125897489392,1680822925.1936965
0.0006401059785299483,0.0018842480754051988,0.0016088778799740683,0.0006423956402395647,0.000252175912451234,6.424032704291629e-05,0.0012342660356732143,0.001450738458924144,0.00042467916574097516,0.00010128708435593045,0.00011089603785800923,0.00026109033621063573,0.0012471873706344102,0.0009417462516945423,0.001474604381079003,0.0016874438708604465,-3.0346796186551614,-7.326364692814505,1680822925.201293
0.0006482314847381864,0.0018878236703808284,0.0016126848582014206,0.0006496148259257946,0.00025467413187976317,6.42851814694606e-05,0.0012230433278561654,0.0014435584087898576,0.00042156821383309813,0.00010315784550155943,0.00011247527973504152,0.00026422578435991365,0.0012489755154460297,0.0009525742050445345,0.0014760852560929108,0.0016876708202060665,-3.038506452978812,-7.335603488139618,1680822925.2082415
0.0006407842952082315,0.0018695996931084255,0.001596503627767044,0.0006419006030347605,0.0002521426424669579,6.418779735149271e-05,0.0012208277702294326,0.0014366752676033458,0.0004209165750407791,0.00010076202044329905,0.00011036378956964975,0.000260484793495845,0.0012365390729521199,0.0009410489254139147,0.001462576660740208,0.0016723825071751765,-3.042333287302463,-7.344842283464731,1680822925.214676
0.0006412362308092005,0.001872485262688359,0.001598610072302744,0.0006422188947383193,0.00025118809660630044,6.427882150109706e-05,0.0012182560255366113,0.0014341539413754679,0.0004191303626565995,0.00010190868361844886,0.00011206289554242246,0.00026071059641280157,0.001237690971719888,0.0009414250317539334,0.0014647023651126166,0.0016732146863199825,-3.0461601216261136,-7.354081078789843,1680822925.2217326
0.0006535270984375867,0.0018870820754971138,0.0016127752589412455,0.0006522717218886523,0.0002542880826980721,6.430805842683185e-05,0.001217728310512241,0.001440407853205702,0.00042143224514316094,0.00010369543784098675,0.00011203471050373273,0.0002630233978485448,0.0012479992774847974,0.0009583664219848669,0.001474945595304615,0.0016870067587750634,-3.0499869559497648,-7.363319874114956,1680822925.2288926
0.0006399068601070442,0.0018689990633431015,0.0015950054614573257,0.0006398294328676686,0.00024975940715161283,6.428645126534211e-05,0.0012195998485455117,0.0014344248366742031,0.00041992532757491525,0.0001011719944263936,0.00011119086184736666,0.0002586168926011095,0.0012361689200615837,0.0009390095794602881,0.0014617792880871783,0.0016724387780813921,-3.053813790273416,-7.372558669440069,1680822925.2359846
0.000660242974786435,0.0019144782988239199,0.001635049336781577,0.0006610698361085846,0.00025882992643061,6.435751501184627e-05,0.0012305682028477196,0.0014584125181963971,0.0004247392931465912,0.00010574419303579005,0.00011458582459636912,0.0002686942590459671,0.001268190476655691,0.0009704834750249591,0.0014952732052350146,0.001712049155578991,-3.0576406245970666,-7.3817974647651825,1680822925.242404
0.000653058161658215,0.0018998320894862638,0.0016221969965176434,0.000654001885991812,0.00025626645801694523,6.428569325674402e-05,0.0012283937683908637,0.001451090554367072,0.00042502108524442863,0.00010336792085808536,0.00011266286816379335,0.00026520189232906823,0.001257499467505694,0.0009595967317298532,0.0014843606279380485,0.0016991480881028119,-3.0614674589207174,-7.391036260090295,1680822925.2493696
0.0006576593731176407,0.0019040520488911275,0.0016258670236247992,0.0006577864037903647,0.00025717245543789834,6.427069609682888e-05,0.0012257612124569786,0.001452244240981811,0.0004238832146605747,0.00010456971662183923,0.00011308085602353838,0.0002664457881802835,0.0012604708275634842,0.0009658613077738474,0.001487110775322562,0.0017024000394723433,-3.065294293244368,-7.400275055415407,1680822925.256719
0.0006568288515505463,0.0018982830869425436,0.001620854435136957,0.0006559637682353416,0.00025633456912889694,6.424777574501114e-05,0.0012263925642551716,0.0014519935541119804,0.000424677954726987,0.00010357810575811754,0.00011136384095231314,0.0002644138157558237,0.001256662706931221,0.0009638633929486017,0.0014828043705851822,0.0016985341531062877,-3.069121127568019,-7.40951385074052,1680822925.263785
0.0006527813980838623,0.0018979810542077758,0.0016181036437966662,0.0006526853710610517,0.0002547778300469935,6.43149296697577e-05,0.0012263860648184571,0.0014506130093650427,0.0004239304543993601,0.00010369277526384896,0.00011251234720224727,0.0002636417230348144,0.0012563977313267717,0.0009589180975701478,0.001482323585391321,0.0016975093542326762,-3.07294796189167,-7.418752646065633,1680822925.2702067
0.0006683222657880021,0.0019266144806487904,0.0016445889971275,0.0006680551368196949,0.00026066293216878194,6.433191353095985e-05,0.0012338538943642255,0.001467422472853714,0.0004277396825983917,0.00010649988526750558,0.00011381917481215508,0.0002694857690626241,0.0012761439826592664,0.0009818382614713622,0.001503644949443351,0.0017226741596607742,-3.076774796215321,-7.4279914413907475,1680822925.277212
0.0006524379222844961,0.0019056736471369724,0.001623406152333333,0.0006522875512775966,0.00025544631536300816,6.43107087571166e-05,0.001237059141159962,0.0014613235460166627,0.00042776989199844894,0.0001030031854702765,0.00011168505056621636,0.0002638353568689243,0.0012629781164934747,0.0009586695924361427,0.0014887620427252663,0.0017071541120920865,-3.0806016305389723,-7.43723023671586,1680822925.2846086
0.0006619945683347473,0.0019137860645832058,0.0016322479826003644,0.0006620930837706905,0.0002590611217128281,6.435416214614788e-05,0.0012269274105879391,0.001457790008428348,0.0004248041614805258,0.00010551142385154135,0.00011359737277523823,0.0002682762256154521,0.0012682059249686543,0.0009734969019106911,0.0014934606456614896,0.001711864659091267,-3.084428464862623,-7.446469032040972,1680822925.2915516
0.0006545836323805527,0.0018970738552924582,0.0016175445178261015,0.0006550773615167489,0.0002568177868081365,6.430240852152077e-05,0.0012252959138128595,0.0014507265979684634,0.00042500718340218046,0.00010283683308798795,0.00011159857364607266,0.0002648820377089578,0.0012567848976930958,0.000962827669895998,0.0014809068044841541,0.0016981243282344156,-3.0882552991862737,-7.455707827366085,1680822925.2984817
0.0006483658165228742,0.0018912106450760461,0.0016098674428292792,0.0006487711467831739,0.0002525795272370679,6.443272521860851e-05,0.0012217087343102204,0.0014450676537074395,0.00042250858933394995,0.00010330018546479016,0.00011245327167683865,0.0002615410044429421,0.0012530296926280418,0.0009544562660074908,0.0014761601479564112,0.0016926726682689969,-3.0920821335099244,-7.464946622691198,1680822925.3054702
0.0006573611276868161,0.0019036954350843964,0.001621149954277759,0.0006562141129861694,0.0002549411731526032,6.442274224705527e-05,0.0012244195058894384,0.0014518019330701443,0.000425086794435719,0.00010449230683287763,0.00011225554588872695,0.00026317537363311266,0.0012617696623261512,0.0009668956536317495,0.0014854375781515067,0.001704532624067449,-3.095908967833575,-7.474185418016311,1680822925.312382
0.0006449242465041853,0.0018969038299445308,0.0016115635234391387,0.0006455407673319095,0.00025247613573525297,6.440828729283725e-05,0.0012341295151768556,0.0014565266882821378,0.0004270675657424334,0.00010211034698288837,0.00011121309339706914,0.0002606142102143682,0.0012588121106966014,0.0009505009513210245,0.0014812528001290114,0.0017013144406406214,-3.0997358021572263,-7.483424213341423,1680822925.3183105
0.0006558227171401604,0.001911110176190271,0.001625439138368624,0.0006563782636863138,0.0002567976447141654,6.444340084339971e-05,0.0012297548623760078,0.001459210603579182,0.00042627688395137635,0.00010465296136487192,0.00011307624687683996,0.00026549119791251176,0.0012685380221572364,0.0009666435089712081,0.0014909293127415384,0.0017118866863237573,-3.103562636480877,-7.492663008666536,1680822925.3256102
0.000648640707052461,0.0018964639063205602,0.0016132158330710727,0.0006499951345474396,0.0002545745831946482,6.427042803052612e-05,0.001227290690455688,0.001452680256360888,0.00042644268648775176,0.00010229523809204546,0.00011127912022241498,0.00026248501179266864,0.0012587090699334327,0.0009569456826790023,0.001480337941120932,0.0017004178573418688,-3.1073894708045287,-7.50190180399165,1680822925.3325808
0.0006496610295682911,0.0018969923288754788,0.001613326734118177,0.0006511114159521909,0.0002545240189714672,6.432272660579959e-05,0.0012224665125207441,0.0014488902432242834,0.0004236166281470088,0.00010350544345343408,0.00011275815629119279,0.00026357591097897275,0.0012587484607917286,0.0009585930876912446,0.0014800846863888889,0.0016992787956490298,-3.1112163051281794,-7.511140599316763,1680822925.3395782
0.0006536020586908229,0.0018910107658287238,0.0016092921421461874,0.0006541981672306238,0.0002546684685562859,6.429230203608165e-05,0.00121122364493619,0.0014390673033376023,0.0004201099230485605,0.00010428961742361449,0.0001129913218949807,0.0002634937579214197,0.0012536126599777505,0.0009633086328615952,0.0014746010895648326,0.0016914313015505653,-3.11504313945183,-7.520379394641876,1680822925.3468769
0.0006493534162917272,0.0018879552088658196,0.0016053784830814145,0.0006511149862682727,0.00025324246464205154,6.436150856590007e-05,0.0012090180501282328,0.0014352397161650622,0.00041851235660300625,0.000104287872728117,0.0001140634418644528,0.00026303315614581256,0.0012512956948253038,0.0009579378564376384,0.001472255337789915,0.0016876580897277403,-3.118869973775481,-7.529618189966988,1680822925.3549726
0.0006633816360337323,0.0019118153258585958,0.0016270109979717256,0.0006640273819141577,0.0002577842206697234,6.434880422550022e-05,0.0012154229540821478,0.0014496336172348029,0.00042240232727147,0.00010655558379586594,0.00011492691770139832,0.0002672369832632591,0.0012677438035224645,0.0009780380308897839,0.0014901599084319842,0.0017089893972969093,-3.122696808099132,-7.538856985292101,1680822925.3610437
0.0006453608170369584,0.0018930290504936228,0.001606908609795591,0.0006471053187611232,0.0002524605356331255,6.433031983955022e-05,0.0012252954053889105,0.0014480397885879963,0.0004233023042782674,0.00010308954397882603,0.00011265447492595574,0.0002616974423273349,0.0012567858795983187,0.0009521617962290822,0.001477405550644753,0.001695855770277627,-3.1265236424227827,-7.5480957806172135,1680822925.368041
0.0006541012262220503,0.0019013304624736064,0.0016158280308027925,0.0006558769217935277,0.0002557845428819446,6.431703259817516e-05,0.0012166811627311285,0.001445276824358045,0.0004209318046702228,0.00010521181270176028,0.00011452844143657254,0.00026578531501008344,0.0012612964470897416,0.0009649707268207483,0.001482389608095414,0.0016995316489210033,-3.1303504767464334,-7.557334575942326,1680822925.3748658
0.0006482190876508579,0.001892284157786701,0.001608599665446634,0.0006507592229784652,0.0002551278940487251,6.416914468056413e-05,0.0012218117769974808,0.0014488534554754904,0.0004243978054421507,0.00010227115863089084,0.00011120866660858892,0.0002632042181801865,0.00125630984282278,0.000956689796431739,0.0014765923027110286,0.0016952102790933291,-3.134177311070084,-7.566573371267439,1680822925.3817954
0.000648320504317964,0.001894460433614449,0.0016097937453279562,0.0006508030642423202,0.00025371299757046993,6.421849292904471e-05,0.0012190330955898204,0.0014463027432137059,0.0004227357143845396,0.00010327592220063372,0.00011271411599905371,0.00026292753879817034,0.0012573748353141238,0.000957044905526704,0.0014782703448003379,0.0016961166989307851,-3.138004145393735,-7.575812166592551,1680822925.388386
0.0006573064048467037,0.001910548537911332,0.00162338228330272,0.0006584430345898338,0.00025474320861469175,6.430694018556607e-05,0.0012204547940660331,0.0014528953096963786,0.00042346695960291823,0.00010564087227504138,0.000113633700368893,0.00026432440343851423,0.0012678871773347433,0.0009692890523602107,0.0014903530487931273,0.0017098097608041968,-3.1418309797173865,-7.585050961917666,1680822925.3953698
0.0006426472898761108,0.0018950502107266847,0.0016070019814125145,0.0006453638048820568,0.00025031804986517235,6.430837351243193e-05,0.0012256065303200606,0.0014505579115532078,0.0004234525068947607,0.00010294908377149479,0.00011225746740619669,0.0002600252579417114,0.0012585959925060432,0.0009487554454919446,0.0014795215152776163,0.0016985958875354345,-3.145657814041037,-7.5942897572427785,1680822925.4023666
0.0006534902412401084,0.0019110081941946832,0.0016223359385897174,0.000656121309732597,0.0002548254145601413,6.427874623860822e-05,0.00122279410018142,0.0014549876816688089,0.00042336115310111683,0.0001051961045689403,0.00011405946084132533,0.0002651090824855236,0.0012689813564187768,0.0009646934359864465,0.001490782611065385,0.0017101235376072589,-3.1494846483646883,-7.603528552567891,1680822925.4084828
0.0006478135557843209,0.0019020497601645845,0.0016140208036086034,0.0006507285128223429,0.00025302712526729915,6.409175577505951e-05,0.0012242815070787187,0.0014521177435644459,0.0004253822859352393,0.00010309699924722453,0.00011247555190185497,0.00026248768598404333,0.0012621833942711336,0.0009566945126525309,0.0014850619676267797,0.0017028859563751257,-3.153311482688339,-7.612767347893004,1680822925.4163747
0.0006478085739209249,0.0018993003301551574,0.0016114041596467015,0.0006506766475313769,0.00025204527214055884,6.414052549577907e-05,0.0012183095569386984,0.001445853512057528,0.0004217446625292189,0.00010423218968167574,0.00011382566000719068,0.00026258198709338035,0.0012595438516380536,0.0009567781736507322,0.0014825863130126001,0.0016983435571558518,-3.1571383170119898,-7.622006143218116,1680822925.4223106
0.0006498784725617847,0.0018993918952794214,0.0016135239660886964,0.0006527740123570327,0.0002532266487336549,6.404901306404486e-05,0.0012210898879930446,0.001448928866818602,0.0004233395286482637,0.00010371493525958979,0.00011237200273610832,0.0002626076022723324,0.0012600023837411305,0.0009594499288580444,0.0014829145115783475,0.0016997918009816078,-3.1609651513356405,-7.6312449385432295,1680822925.430373
0.0006450669153221146,0.001895612441447398,0.0016091831679742835,0.0006490661963996601,0.00025118372482016844,6.408005071908453e-05,0.0012216576192431625,0.0014462965080949586,0.00042231318052785737,0.00010343173631130814,0.00011328492053188216,0.00026128877359167535,0.0012572924224595293,0.0009529961303076673,0.0014805804063217475,0.0016962972292849955,-3.164791985659291,-7.640483733868342,1680822925.4373386
0.0006578124136088394,0.0019190184179260251,0.0016306243967744416,0.0006618526547128633,0.00025677476317754875,6.415343473536538e-05,0.0012283790765847153,0.0014607513774355376,0.000425798754213972,0.00010555856773819109,0.00011401964693732743,0.00026649475918706216,0.0012730046953006143,0.0009715530796299115,0.0014980577190503014,0.0017162379392226112,-3.1686188199829424,-7.649722529193454,1680822925.444301
0.0006429641156663277,0.001900750766768149,0.0016125845169604881,0.0006478140299557435,0.00025253485902544844,6.409728593324714e-05,0.0012307312434103991,0.0014559014308529591,0.00042610590589859434,0.00010230826027127306,0.00011184968844483225,0.0002618650952399548,0.0012612185679632653,0.0009499794000625406,0.0014849405666831565,0.0017019571609762992,-3.1724456543065935,-7.658961324518569,1680822925.4506557
0.0006466197440343561,0.0019002012747891927,0.0016130647999543439,0.0006520473828926255,0.00025413644521210234,6.407506576202273e-05,0.0012236426988506577,0.0014504093747584258,0.00042260306677972776,0.00010360273895590942,0.00011285143151164514,0.00026421737707884967,0.0012598414256550306,0.0009551338714962119,0.00148406796452528,0.0016982714644635602,-3.1762724886302447,-7.668200119843681,1680822925.4576929
0.0006422718852221143,0.0018904573644653215,0.0016050490768224396,0.0006478198451944328,0.00025281122240704317,6.404550966129978e-05,0.001225573246572728,0.0014481747436779799,0.0004242048455113019,0.00010162748481351517,0.00011095916441010525,0.0002616999677511175,0.001253380609766014,0.0009487008539134681,0.0014772883893962227,0.0016910086446379703,-3.1800993229538954,-7.6774389151687945,1680822925.4657135
0.0006420515479191405,0.001890174959247903,0.0016043352415285388,0.0006474713399443153,0.00025178795672656565,6.410837270240917e-05,0.0012210941595327883,0.0014447146891362504,0.0004212028498545532,0.00010284438686671436,0.00011239870116050184,0.00026183005345747993,0.0012524515210157279,0.0009481767655777358,0.001476885016140786,0.0016891859233450063,-3.183926157277546,-7.686677710493907,1680822925.47206
0.0006467210429797004,0.0018939321752216426,0.0016100757304411462,0.0006512105653177601,0.0002530308784316184,6.414449269419286e-05,0.0012225892777506144,0.0014481932610560047,0.00042261603670441084,0.00010322929740916328,0.00011134753731574786,0.0002620767067859283,0.0012554629643516516,0.0009544869671123641,0.0014796644318140744,0.0016938553845106214,-3.187752991601197,-7.695916505819019,1680822925.479007
0.0006351068789231541,0.0018848357596929453,0.001599566580754264,0.000641258443135102,0.000249916777413346,6.415637283566057e-05,0.0012316023911280742,0.001450807143932697,0.0004238701519738882,0.00010099706056083821,0.00011032362233852149,0.00025904490309051925,0.001250858466645244,0.0009382812254108857,0.0014738945857772226,0.001688924517317756,-3.191579825924848,-7.705155301144132,1680822925.485107
0.0006462939199700152,0.0019012649588400462,0.0016150656832603133,0.0006523231941110998,0.0002544132505710494,6.41823433281255e-05,0.001229978983524681,0.0014547605598909078,0.00042407110414102587,0.0001033799697744233,0.00011170330613454068,0.0002637733290486318,0.0012612429733538358,0.000954448573441616,0.0014857157284308459,0.0017009092912199397,-3.1954066602484987,-7.714394096469245,1680822925.493161
0.0006357360679181889,0.0018809951544696713,0.0015973503244407431,0.0006419047325500356,0.0002507857156684142,6.412681602153e-05,0.0012249116055678092,0.0014447327499019507,0.000423424927386916,0.00010054769599723584,0.00010954303061901487,0.0002594097192182392,0.0012467671691777742,0.0009387129138870152,0.0014706805415295643,0.0016828628498647392,-3.1992334945721494,-7.723632891794358,1680822925.4997888
0.0006475334207670244,0.0018962685301982761,0.0016120000170522675,0.0006528788193011046,0.0002534177293530728,6.414476627276616e-05,0.0012230964670545317,0.0014482176449761145,0.0004227750173612452,0.00010360594038514887,0.00011130568031901192,0.0002626278044092309,0.001256516308382244,0.0009550714415122813,0.0014818003592992372,0.0016947352155040395,-3.203060328895801,-7.732871687119472,1680822925.5068297
0.0006471000636208503,0.0018910600996930173,0.0016082177663785538,0.000651850953021321,0.0002529675905878191,6.404901310556203e-05,0.0012241226054562676,0.0014483783024745987,0.00042354054905845693,0.00010284411022158089,0.00010967590181313167,0.0002610540463673975,0.0012533700258278,0.0009539952058860633,0.0014782377475447512,0.0016920659716918504,-3.2068871632194518,-7.742110482444584,1680822925.513708
0.0006441839258035365,0.0018917394838316793,0.0016081395884753908,0.0006499881104225463,0.00025216362089607616,6.413879619646396e-05,0.001226798114126466,0.0014492601182013426,0.00042324432734684394,0.00010271868924284224,0.0001108211241456654,0.000260866237166425,0.001253711085278642,0.0009501661624694333,0.001479452120083744,0.001692669881357437,-3.2107139975431025,-7.751349277769697,1680822925.5202208
0.0006592801949420177,0.0019201473071499256,0.001635068091971013,0.0006651621705275508,0.0002581793922790359,6.414225781233707e-05,0.001234322637472574,0.0014657987662073592,0.0004269573003100103,0.00010552021449524652,0.00011202969979101052,0.00026691163005499916,0.001273266152410917,0.0009724235401132747,0.0015007806386368912,0.0017175291483261604,-3.214540831866753,-7.76058807309481,1680822925.527207
0.0006439410153600365,0.0018994171175375125,0.0016145429527064264,0.0006501479024980033,0.00025301685196199087,6.410648430329918e-05,0.0012372159577608262,0.0014596921003841288,0.00042706047189789743,0.00010213934190787546,0.00010972553596596898,0.0002613005379416569,0.0012600215670883655,0.0009497164009655713,0.0014861497359228584,0.0017021055121609252,-3.2183676661904044,-7.769826868419923,1680822925.5345495
0.0006450347415437036,0.0018883954495351745,0.0016078407902991284,0.0006518000673960668,0.00025336807820951787,6.419689710570527e-05,0.0012183629191676276,0.0014416481416615879,0.0004206367018328077,0.00010337388175267992,0.00011108251953932885,0.00026258012208341374,0.0012503102936540819,0.0009513904943651975,0.0014764622966367824,0.0016876539443942504,-3.222194500514055,-7.779065663745035,1680822925.5414882
0.0006379267103179765,0.0018717501323761668,0.0015931111948402242,0.0006449393204912188,0.0002511443343559291,6.416424017619415e-05,0.0012168820062696628,0.001434744992737949,0.0004207185360847598,0.00010081864391738034,0.00010886677392198836,0.00025923814942220233,0.0012384985140521615,0.0009406415143504604,0.00146396039016405,0.0016734554514476914,-3.226021334837706,-7.788304459070148,1680822925.5484123
0.0006480048237290563,0.0018981026057398264,0.001615693198295044,0.0006552548434869448,0.0002547153770108405,6.42261203267804e-05,0.0012235910724707358,0.0014491134279030371,0.00042280897424497435,0.00010406783596984309,0.000111169440232858,0.0002639615628869602,0.0012575333355528992,0.0009557930102293779,0.0014839610108468868,0.001696897870455544,-3.2298481691613565,-7.7975432543952605,1680822925.5553784
0.0006608631048385134,0.0019182878161960355,0.0016346957443477636,0.0006668610058330246,0.0002587053790264127,6.42402726520058e-05,0.001228468024400865,0.0014606648179031772,0.00042613402889574425,0.00010621027917609571,0.00011147374168666873,0.0002674574172211968,0.0012717156454257184,0.0009741845681414166,0.0014991844965856044,0.0017156750568189983,-3.2336750034850072,-7.806782049720373,1680822925.5615926
0.000645307383925937,0.0018935681809019772,0.0016112060416104256,0.0006526602918394167,0.000253301717207462,6.42781686914278e-05,0.0012261871430498928,0.001447700977051195,0.00042203004307994824,0.00010411389617348865,0.00011106328980150825,0.00026269460834259386,0.0012556137221180993,0.0009523510840407716,0.001480811478047123,0.0016948827368762152,-3.237501837808659,-7.816020845045488,1680822925.568608
0.0006583109185113979,0.001913727817986636,0.0016305283127901228,0.00066569731743913,0.00025870206084575154,6.43019365719716e-05,0.001225871319178601,0.0014554691029218933,0.00042255005471552833,0.00010696342728039441,0.00011298713514910757,0.00026854284978761856,0.0012696477368530374,0.0009715438023616675,0.0014953819795686374,0.0017113915786428908,-3.2413286721323096,-7.8252596403706,1680822925.576178
0.0006484465326961765,0.0019024391346076192,0.0016214951882837282,0.0006571315381585678,0.0002566230174674555,6.419764905741656e-05,0.0012273547123926672,0.0014549572690142783,0.0004258786522434687,0.00010333118464642416,0.00010986679687299997,0.00026510401366647046,0.0012618470149517017,0.0009584473649400132,0.0014875478986246568,0.0017036603103225923,-3.2451555064559607,-7.834498435695713,1680822925.5831776
0.0006494480374625167,0.0018994875594734153,0.0016193433492402607,0.0006580838746956218,0.0002562739479565084,6.424824400466546e-05,0.0012208739230794518,0.0014478923694749278,0.00042229476706470156,0.0001044239947181467,0.00011136711786748746,0.00026586849153509127,0.0012592071614081636,0.0009596641400808538,0.0014848175033867553,0.0016990207588318434,-3.2489823407796115,-7.8437372310208255,1680822925.589273
0.0006433770132915349,0.0018887925984676314,0.0016092050208168862,0.0006517964878086634,0.0002534992676234268,6.420647923632372e-05,0.001223157544649174,0.0014467524194402704,0.0004235840197941368,0.00010265801846704787,0.0001090134087673312,0.0002615073441676467,0.0012528633275703251,0.0009509822223183079,0.0014773802952563137,0.0016921797670546833,-3.252809175103262,-7.852976026345938,1680822925.5970056
0.0006404827974722023,0.001887981607056919,0.0016080551167179447,0.0006498508486584717,0.0002522038104344786,6.426322379328373e-05,0.0012221016489593448,0.00144415455820848,0.0004224500030162013,0.00010287251098529788,0.00011024517398493624,0.0002611390388658046,0.0012517096830404078,0.000947369031155384,0.001476851035303626,0.0016902621607844232,-3.256636009426913,-7.862214821671051,1680822925.604804
0.0006548498139208652,0.001912859103805899,0.0016313105842966572,0.0006635215678440599,0.00025715874148665854,6.427078419673147e-05,0.0012287808811775262,0.0014592287974376044,0.00042627686674463533,0.00010539168806109742,0.00011116025604678725,0.00026580781468349895,0.001269198669878653,0.0009683484966958263,0.0014955261728380933,0.001712955121843419,-3.2604628437505636,-7.871453616996163,1680822925.6109557
0.0006446044574240868,0.0018993623501809525,0.0016186945717211413,0.0006544359905970411,0.0002552210249794517,6.424845066677576e-05,0.0012270656309215416,0.0014528733003306576,0.0004247946846840807,0.00010358197648369158,0.00011062138349021636,0.00026418094301428437,0.0012605046667844384,0.000954360579649885,0.0014858026563882142,0.001701342987341074,-3.2642896780742148,-7.8806924123212765,1680822925.6180305
0.0006545003306645695,0.0019097015051589214,0.001629874095233563,0.0006643687792436491,0.00025906780009112625,6.43166492977528e-05,0.0012196885106424379,0.001451684851064455,0.000422748216607463,0.00010611827455716651,0.00011237668687961845,0.00026860043226730607,0.0012667868893075488,0.000968825340731248,0.0014925171779929494,0.0017073639422892646,-3.268116512397866,-7.8899312076463906,1680822925.625041
0.0006452977046034324,0.00188654185102347,0.0016111666425083306,0.0006557842927164033,0.00025567999998036775,6.424131587746988e-05,0.0012131217026359825,0.001439598445959043,0.00042082918348569366,0.00010362444910159948,0.00011073721829058576,0.00026422408743087544,0.0012514605572753433,0.0009558497315889657,0.001475403279735846,0.0016882021833809673,-3.271943346721517,-7.899170002971503,1680822925.631733
0.0006460867670532298,0.0018901307367856827,0.0016139949922577437,0.0006567671319492081,0.00025479010637867195,6.435373535155955e-05,0.0012098004422231596,0.0014370146831384227,0.0004190535451165778,0.00010503114996633182,0.00011244555582514192,0.00026467095396013284,0.0012535627914123,0.0009573334698533571,0.001478076765663648,0.0016903792272644626,-3.275770181045168,-7.908408798296616,1680822925.638715
0.0006469977090760615,0.0019010612574351107,0.0016210804379071127,0.0006573610758273755,0.0002553465965811692,6.431492985374743e-05,0.0012220870775643395,0.0014490396665824774,0.00042393045488128774,0.00010480076160657235,0.00011167027718245705,0.00026473493619165705,0.001262631999561145,0.0009588442322470739,0.0014874867971323919,0.0017033669118267552,-3.2795970153688185,-7.917647593621728,1680822925.6460636
0.000636646494948512,0.0018945117206011358,0.0016130524859546264,0.0006485496226132046,0.0002524116631142335,6.429360830190649e-05,0.0012297443914741993,0.001451574048362959,0.0004250184296793456,0.00010316298453580337,0.00011108574220026132,0.00026207393456233863,0.0012593237038140991,0.000944684582261996,0.0014834321949697595,0.0016997698580775331,-3.2834238496924693,-7.9268863889468415,1680822925.6520557
0.000641803274973086,0.0018837340669558287,0.0016070500902085221,0.0006532254016028715,0.0002542432140677965,6.418252795806833e-05,0.001215778029698986,0.001439980385245719,0.000420726046622679,0.00010384819667133219,0.00011078070052788869,0.00026329581856245906,0.0012512108331057669,0.0009519100076660053,0.0014742394256119834,0.001688046695770828,-3.2872506840161204,-7.936125184271954,1680822925.6645637
0.0006405421988360002,0.0018931469497534567,0.001613698631748169,0.0006520857768750661,0.00025366122600576935,6.422603440922912e-05,0.0012251367080380162,0.0014486819838389743,0.00042378769932451243,0.00010386989898881472,0.00011115901314019118,0.0002630924487855661,0.001258339372422294,0.0009504560562058268,0.0014821449674416146,0.0016980218002847398,-3.291077518339771,-7.945363979597067,1680822925.667577
0.0006396235542028576,0.0018964077139736963,0.0016165705989723475,0.0006532210665599533,0.00025506657831690725,6.427782909668167e-05,0.0012255580977838772,0.0014516916174257362,0.00042401313454237506,0.00010397497582268691,0.00011186912718182446,0.00026495435138930255,0.001261567410074349,0.0009504165676079621,0.00148426868324753,0.0017011059478554877,-3.294904352663422,-7.954602774922179,1680822925.6756098
0.0006301540910126044,0.0018736923880561549,0.0015973680291288491,0.0006437407433508384,0.000251592769129088,6.422577437200901e-05,0.001219825338625765,0.0014410166580394919,0.0004222947674971885,0.00010133816128593815,0.0001096294639645513,0.0002604308344966644,0.0012457178746298416,0.0009364454956046795,0.001467201292804648,0.0016815992883388948,-3.2987311869870735,-7.963841570247293,1680822925.6811395
0.0006281383416306381,0.0018745828751529476,0.0015971183302470012,0.0006423240236786409,0.00024977897724885473,6.427092923693709e-05,0.0012197452670875736,0.0014389876533190179,0.0004214326762231706,0.00010186568634845644,0.00011085020763458625,0.00025955715815019454,0.0012463212683313215,0.0009337508065391484,0.0014681372593698338,0.0016822632478884526,-3.302558021310724,-7.9730803655724065,1680822925.6870162
0.0006401339350129401,0.0018979686030367344,0.001617413953439559,0.0006540183279900427,0.0002545840679917459,6.417478819065589e-05,0.001227309659144556,0.001452835251403076,0.00042533116026096225,0.00010362444908769915,0.00011150995785003217,0.00026432672643593815,0.0012621238182865297,0.0009511473004695624,0.0014858733216670905,0.001702540614308631,-3.306384855634375,-7.982319160897519,1680822925.6938064
0.0006248221483128007,0.0018755910219018308,0.0015956405394154855,0.0006387993981271783,0.00024928010598051473,6.411021613963558e-05,0.0012282461636600385,0.0014453640557695465,0.00042479521207496875,0.00010041128800172113,0.0001094157881095184,0.0002586977284695855,0.0012478999999941498,0.0009288177957582125,0.001469906480986083,0.0016854024903734301,-3.3102116899580256,-7.991557956222632,1680822925.7017546
0.000635046833957605,0.0018843796353651765,0.0016057222779287657,0.0006484936922257044,0.00025273200086027234,6.411650412460548e-05,0.0012187491019888608,0.0014432448973360035,0.0004226700822202067,0.00010287251086122869,0.00011107413973235095,0.00026273828386529536,0.0012531548701069895,0.0009433855939589617,0.0014757799855758954,0.0016907756797493855,-3.314038524281677,-8.000796751547744,1680822925.7085142
0.0006263854127080632,0.0018633845656992843,0.0015879427453978786,0.000639864094520877,0.00024962340346135046,6.402185962470129e-05,0.0012149897717540945,0.0014347141805409647,0.00042150490058412063,0.00010024912145082185,0.0001088175496306576,0.00025849353866980694,0.0012388848308674684,0.0009306551815172216,0.0014602082747119675,0.0016734309333712315,-3.3178653586053275,-8.010035546872857,1680822925.714519
0.000629258543708315,0.0018664630800861862,0.001590507546122378,0.0006419375033704102,0.0002487884136717758,6.41546710146547e-05,0.0012101170271784918,0.0014322304115843886,0.0004198964854679018,0.00010175734215656596,0.00011049945473191942,0.00025860881865034024,0.0012402802189384816,0.0009344437226994709,0.0014625238626919028,0.0016750122351766607,-3.321692192928978,-8.019274342197969,1680822925.7215493
0.0006405773130905419,0.001883375731910725,0.0016066627859017476,0.000651980298171957,0.00025225557142221077,6.414366428142002e-05,0.0012130355984027118,0.0014408263074475926,0.0004226876205837809,0.00010354598850088138,0.00011064483122206798,0.0002615064869513485,0.0012519970482931374,0.0009503858291937768,0.0014749979025610142,0.0016904665101111637,-3.325519027252629,-8.028513137523083,1680822925.7288888
0.0006255237032589251,0.00186648360853234,0.0015892635048413257,0.0006386080658208252,0.00024762968251169383,6.41319166753909e-05,0.0012178267077783945,0.0014376347376325017,0.000422522975038821,0.00010078976147553931,0.00010922430787237894,0.0002569602086496686,0.00124191769556931,0.000929375980033543,0.001463139204039211,0.001678436447938098,-3.3293458615762805,-8.037751932848197,1680822925.7358987
0.000639707820545595,0.0018911230282661932,0.0016123702030094859,0.0006534044750794996,0.0002532252359614583,6.416697692971522e-05,0.0012195279331072729,0.0014490764640444978,0.0004243519838110352,0.0001038872770500075,0.00011124645098277859,0.00026296096662364746,0.0012585004715890433,0.0009503553536938216,0.001481467199945328,0.0016984296131515653,-3.3331726958999313,-8.04699072817331,1680822925.7426007
0.0006305140334223411,0.0018745046679257593,0.0015973848302694802,0.0006442464718236893,0.0002499762906793313,6.408726490224668e-05,0.0012163498151245395,0.0014417836735360434,0.0004246192536118629,0.00010116102573484958,0.00010917097595211089,0.0002589501916147475,0.001246109810493917,0.0009370113578132164,0.0014694321590430566,0.00168354344770781,-3.336999530223582,-8.056229523498422,1680822925.7495227
0.0006347093778134727,0.0018815332735951386,0.0016028319010588119,0.0006481855807786188,0.0002509346846941859,6.41238400424229e-05,0.0012152204936157773,0.0014438537838451508,0.000423102905902295,0.00010305591053273094,0.00011084672444492953,0.00026103633613056693,0.0012513648892072274,0.0009431141629315519,0.0014749143418278947,0.0016894552021675191,-3.340826364547233,-8.065468318823534,1680822925.7565987
0.0006345008213781323,0.0018767892447698923,0.001599449493403641,0.0006472322143654653,0.00025030071034741084,6.405861208718907e-05,0.0012157647056322378,0.0014441340742433687,0.00042389477688767275,0.00010233615357945057,0.00010921716709038453,0.000259227843033485,0.0012487829697094192,0.0009424641321312214,0.001471559616710079,0.0016869626622997417,-3.344653198870884,-8.074707114148648,1680822925.7635388
0.000633357889310818,0.0018789398041266477,0.0016012934773078252,0.0006471744818637407,0.00024988170403617005,6.41098683693351e-05,0.0012179925608176167,0.0014459006237468037,0.00042364800259623404,0.00010262398786887223,0.00011058386280637933,0.00025949928049468244,0.0012511830578101912,0.0009417045195835851,0.0014740961117741915,0.001689772249641857,-3.3484800331945346,-8.08394590947376,1680822925.7716084
0.0006446722247050655,0.001904866549841964,0.0016242156121311275,0.0006586009043023169,0.0002548858799003895,6.411377444449097e-05,0.0012291910728848496,0.0014637817299233066,0.0004281201048522848,0.000104599606504243,0.00011157888983752644,0.00026430866272158013,0.0012698562453933423,0.0009585831262484135,0.0014938359940785187,0.0017139375313210495,-3.3523068675181853,-8.093184704798873,1680822925.7767649
0.0006412447392656098,0.001900416865664118,0.0016205359316121427,0.0006557112672536194,0.0002550446700628196,6.402953938297949e-05,0.0012277196754108776,0.001462769718173976,0.0004288620867167868,0.00010331773845512709,0.00011035017831256317,0.00026428981182365617,0.0012668107058475058,0.0009536954530899906,0.0014909359967620358,0.00171028536334306,-3.3561337018418365,-8.102423500123985,1680822925.7837493
0.0006489373117115323,0.0019093149238074147,0.0016290196697741092,0.0006633586460579091,0.0002577349347154937,6.40813467948904e-05,0.0012243280813873873,0.0014625188101353211,0.00042690332586055703,0.00010563267505912302,0.00011220298181085109,0.00026785184628032386,0.001272714958653918,0.0009647289136586001,0.001497166388034275,0.0017163130715966057,-3.359960536165487,-8.111662295449097,1680822925.7917814
0.0006422266955063853,0.001891943607104631,0.0016136308262043844,0.000656101001200599,0.00025504856961719956,6.397466325863418e-05,0.001221554971371271,0.001456115737295194,0.00042617280097131705,0.00010354645997640722,0.00011012096053085223,0.0002640017474413318,0.0012608850045081868,0.000954464853547621,0.0014843322849731398,0.0017021487356402353,-3.3637873704891383,-8.120901090774213,1680822925.797643
0.000642094222609748,0.0018934635646167218,0.0016146359085152738,0.0006559257613601001,0.0002540788535593175,6.41137745121743e-05,0.001218512915699627,0.0014527897275361601,0.0004244660675546351,0.0001045472990844521,0.00011190020594249501,0.0002641891030349185,0.0012602840136762181,0.0009541668978081995,0.0014856237534844653,0.0017004497302581893,-3.3676142048127895,-8.130139886099325,1680822925.8046725
0.0006563036232843335,0.0019159168567837853,0.0016358929599741363,0.0006691253730224389,0.0002586208566101461,6.407012523805651e-05,0.0012229785774134317,0.001465232391524296,0.0004278524966122833,0.00010693802177340873,0.00011266146358552148,0.0002684379913435901,0.001275764021056165,0.0009745301629231143,0.001502400018803922,0.0017207096017295078,-3.37144103913644,-8.139378681424438,1680822925.811682
0.0006366212240399015,0.0018899945075047438,0.0016109959506881138,0.0006504502038505074,0.00025190163748804744,6.403735536375017e-05,0.001231092468756566,0.0014607934176215302,0.00042772203047854434,0.00010292316410939958,0.00011058083246386977,0.00026096552120559165,0.0012602659340605615,0.0009462941871497853,0.001484618901142205,0.0017031502906332758,-3.375267873460091,-8.14861747674955,1680822925.8191986
0.0006477747993147834,0.0019080771948833516,0.001628089246861517,0.0006616334340869543,0.0002569177629767335,6.405301703856583e-05,0.0012310761602573994,0.001468129376815205,0.00042852159250206766,0.00010523853728515274,0.000112205389884672,0.00026638457716769584,0.0012725394547989165,0.0009626495808316857,0.0014976258980276148,0.0017176073202709826,-3.3790947077837417,-8.157856272074662,1680822925.8254085
0.0006446716433140253,0.0018921484400444366,0.0016159779832328428,0.0006589474695710908,0.0002557690987958508,6.407982417005944e-05,0.0012170251443421876,0.0014518646770755607,0.0004249148937783897,0.00010436905168492944,0.00011174171451689269,0.000265247190846618,0.0012591557064210164,0.0009577934661760929,0.0014847298896251498,0.0016997769372027584,-3.382921542107393,-8.167095067399776,1680822925.832439
0.0006450213193976892,0.00189112300715886,0.0016148743222412817,0.0006591743501239227,0.0002551325596922492,6.41724992173669e-05,0.0012120346381069634,0.0014477294593148947,0.00042160455230313184,0.00010571678425335181,0.0001132469204308376,0.0002658153757077825,0.0012579488249642,0.000958058821330162,0.0014836715058358736,0.0016974563488967012,-3.3867483764310435,-8.176333862724888,1680822925.8393724
0.0006464581796099794,0.0018895115928536568,0.001613800378825429,0.0006597193444394644,0.00025548952430431656,6.412181328036561e-05,0.0012134357857331499,0.0014499762972415063,0.0004228645847892849,0.00010515443256707126,0.0001114864797446634,0.0002649404605391952,0.0012570530777465468,0.0009595803425158175,0.0014825164315082904,0.0016971461704919806,-3.3905752107546943,-8.18557265805,1680822925.8469975
0.0006402316021947251,0.001892618399837709,0.0016139006840875346,0.0006543842848520723,0.0002539283735163265,6.415981168112044e-05,0.0012257655909581507,0.0014584944840141268,0.0004260799496786677,0.00010416551626281295,0.0001111827633023453,0.00026356785723869873,0.0012605046695254672,0.0009511769657480215,0.0014861129002556167,0.001702554391250623,-3.394402045078346,-8.194811453375115,1680822925.8542764
0.0006549975806221861,0.0019214627565861304,0.0016407680113714213,0.0006693197519554074,0.0002597330681281906,6.419469661924048e-05,0.0012348437295534784,0.0014766683697076217,0.0004304417761881337,0.00010684903186970221,0.00011233881517666511,0.00026925833997728404,0.0012805437189664615,0.0009731919072386069,0.0015078329910411024,0.0017284142207533964,-3.3982288794019966,-8.204050248700227,1680822925.8607495
0.0006403785642377174,0.0018932287683315753,0.0016153052104241564,0.0006546369673201382,0.00025387692382981575,6.418140712951383e-05,0.0012287440749640121,0.0014603891918004255,0.00042621988423316334,0.00010414510061688513,0.00011139702549780008,0.00026372466836924695,0.0012617533595078857,0.0009513560392962164,0.0014870614075180003,0.0017047530773997668,-3.4020557137256473,-8.213289044025341,1680822925.8677506
0.0006483974811237822,0.0018991627317599083,0.001622016058252519,0.0006625338531326573,0.0002567069811647252,6.422478879083942e-05,0.0012208398231002482,0.0014566458767366597,0.00042322252804088143,0.00010637254789751176,0.00011335233202271193,0.00026740726964232143,0.0012649862002845067,0.0009628260583567637,0.0014906377436179254,0.0017071033378791955,-3.405882548049298,-8.222527839350454,1680822925.8747497
0.0006398981051373694,0.0018851749182233206,0.0016091968057255412,0.000654239416826594,0.00025408293258795796,6.41305703021492e-05,0.001222202499610655,0.0014541028235267198,0.00042375405842922775,0.0001039192349260727,0.00011078036438506588,0.00026351606671010363,0.001255925955964554,0.0009505282518598882,0.0014804124262072238,0.001696556473067643,-3.409709382372949,-8.231766634675566,1680822925.881843
0.0006392599363654778,0.0018875730396862825,0.0016102711726815406,0.000653514550668566,0.00025250596945786027,6.420259803732888e-05,0.001220660229182184,0.0014523412725175836,0.0004222881960768793,0.00010496579273986101,0.0001121878257530419,0.0002630321039643115,0.0012572250976595483,0.0009495724935680661,0.0014825101310729017,0.0016978980249087675,-3.4135362166966,-8.241005430000678,1680822925.887788
0.0006504898797795084,0.0019077414122348685,0.00162831323652261,0.0006632621959475024,0.00025609624974704686,6.416828934809679e-05,0.0012245357256212876,0.0014632516915877535,0.0004258899130206828,0.00010669886056058948,0.00011251175976047473,0.0002663272473863675,0.0012708709729353856,0.000965963887276964,0.001498107190404467,0.0017160325453666949,-3.4173630510202506,-8.250244225325792,1680822925.8958313
0.0006374926870875619,0.0018953361608737929,0.0016152041961199853,0.000651827750692786,0.00025253038996142193,6.418797398186169e-05,0.0012314383785585544,0.0014637115530516877,0.0004263270455289753,0.00010443902725834834,0.00011152754539482222,0.00026280949602755597,0.0012637430661444093,0.0009480180023608847,0.0014899210180872623,0.0017078215059286106,-3.4211898853439013,-8.259483020650904,1680822925.9021637
0.0006507353334147181,0.0019171965566892079,0.0016359669692780161,0.0006651711622531516,0.00025815254534526265,6.424762577101593e-05,0.0012325046771617689,0.0014732733941290135,0.000427366038936107,0.00010743812871297247,0.00011344330715756477,0.00026883708637212106,0.0012792592936959621,0.0009676372550158915,0.0015059587328535608,0.0017262942422528627,-3.425016719667553,-8.268721815976019,1680822925.9094949
0.0006424121605104448,0.0018942905522214032,0.0016185382372725858,0.0006578103919088653,0.00025628995329396394,6.415318387981023e-05,0.0012229012689922414,0.0014594867651832005,0.00042685893008710907,0.00010396557261267608,0.00011078803707176238,0.0002654819420155185,0.0012624128827564865,0.0009562529107347369,0.0014886473032616843,0.0017050588468839215,-3.4288435539912037,-8.27796061130113,1680822925.9166918
0.0006438466037085983,0.0018907115214607958,0.0016158278485391307,0.000659097805488217,0.0002561025240894055,6.419533994904186e-05,0.0012164379571798453,0.0014515116207560273,0.00042297571454068267,0.00010507640601171146,0.00011222681994859842,0.00026631524780016536,0.0012594083320379122,0.0009580726479508088,0.0014854232925804376,0.0016996038712999457,-3.4326703883148544,-8.287199406626243,1680822925.92263
0.0006315103377137795,0.0018665757371028,0.0015933742631334877,0.0006458228262291697,0.00025074697286108687,6.410519934825891e-05,0.0012144394786978846,0.0014417762729743893,0.00042230118774313244,0.00010176766353485918,0.00010933777992141188,0.0002596339597245513,0.001243568628165473,0.0009395373632347013,0.0014675417629869607,0.0016808971728044183,-3.4364972226385055,-8.296438201951357,1680822925.9303038
0.0006248003625531597,0.0018588565231803988,0.0015855744428957049,0.0006403760249645144,0.00024816807707998286,6.413874287199405e-05,0.0012144037673483834,0.0014367498499079164,0.0004207996377753642,0.00010109398755867666,0.0001099865851632054,0.0002577920006635756,0.0012384441247707577,0.0009303385369527857,0.0014620972565166257,0.0016739636174664422,-3.4403240569621563,-8.30567699727647,1680822925.937228
0.0006485681715358729,0.001913133720952534,0.0016338155992032912,0.0006652121994772346,0.00025783605795177603,6.419735021119118e-05,0.001232741365895731,0.0014691392654665228,0.00042832390491175603,0.00010604163953436841,0.00011298030984507601,0.0002681196377732182,0.001275903121703713,0.0009664588700189371,0.0015034227438187116,0.0017213907221932028,-3.444150891285807,-8.314915792601582,1680822925.944184
0.0006348288494140928,0.0018921079504529597,0.0016144441720118705,0.0006517826003427211,0.00025396765877079905,6.41503491700928e-05,0.001230467659587249,0.001460829490035215,0.0004279674888710092,0.00010279105919113216,0.00011085029837136648,0.00026364476747641944,0.0012619897483553539,0.00094659578402532,0.0014881225475444773,0.0017042922992367765,-3.4479777256094577,-8.324154587926694,1680822925.9501355
0.0006375767705313565,0.001892747760799306,0.001616249076819597,0.0006549046304022571,0.0002553193842303705,6.415442589609452e-05,0.0012273622941871472,0.001457505866119288,0.0004251309664994481,0.00010401793466909496,0.00011181510793006549,0.0002656624272124606,0.0012624532040282652,0.000950979663586302,0.0014879257267949504,0.0017031132393587939,-3.451804559933109,-8.333393383251806,1680822925.9579968
0.0006306762923528833,0.0018758434871975877,0.0016024408345909377,0.00064805725196863,0.0002529430380782076,6.406893951988909e-05,0.0012245581452864213,0.001451093476735391,0.00042441376124738886,0.00010181237592003653,0.00010965099350118561,0.00026213417405351934,0.0012510106809142684,0.0009408285436557192,0.0014751697669051409,0.001689233560774102,-3.4556313942567596,-8.34263217857692,1680822925.9645875
0.0006315061864567604,0.0018784449867035367,0.0016044436361716432,0.000649182443941798,0.00025226799507929325,6.412385764085766e-05,0.0012226194447329504,0.0014477033167025523,0.0004229139559855132,0.0001027514760147802,0.00011145410899024934,0.00026271270501430157,0.0012521108437422628,0.0009421453187030008,0.0014771405175375242,0.0016900221316102186,-3.459458228580411,-8.351870973902034,1680822925.9719846
0.0006376306923675551,0.0018853686924190554,0.0016108326414343524,0.0006538523322324097,0.00025363195480988907,6.407770627596594e-05,0.0012239101628707077,0.0014506420920721173,0.00042443410763435776,0.00010313282822351762,0.00011060546748176547,0.00026309334231344815,0.0012560566157790122,0.0009499603490742232,0.0014818535361964741,0.0016959257679511892,-3.463285062904062,-8.361109769227147,1680822925.979006
0.0006250094640148693,0.0018746391239397617,0.001598727037225111,0.0006427390918332033,0.0002503594458023637,6.411057941017191e-05,0.00123260984429718,0.0014520817241749696,0.0004255874002282026,0.00010077572611546219,0.00010950697544110086,0.0002599073433075729,0.0012504081619799266,0.0009322441526921138,0.00147481808208728,0.001689420620560925,-3.4671118972277126,-8.370348564552259,1680822925.9849272
0.0006337466424744821,0.0018837468362691988,0.0016078980524752689,0.0006509249781630514,0.0002534518127171756,6.414611525459698e-05,0.0012260515483141223,0.001450189665403973,0.0004239469790724646,0.00010262353850380444,0.0001110846179997178,0.00026337674845465807,0.0012552115352394602,0.0009443766217105941,0.0014803963071356526,0.0016939068471444167,-3.4709387315513633,-8.379587359877371,1680822925.992397
0.000626255728376528,0.0018702871417181602,0.0015959635107925729,0.0006435037350219669,0.00025080087179379197,6.408892477338668e-05,0.0012253208292714538,0.0014456800268101019,0.00042508455670863524,0.00010006269030675026,0.00010914138537220922,0.00025974316078489055,0.0012456607457077655,0.0009336658316315924,0.0014707260107433336,0.0016828628562285208,-3.474765565875014,-8.388826155202485,1680822925.9997568
0.0006386120880018219,0.0018873175781014392,0.001611948192052807,0.0006541966600232727,0.00025349176488636513,6.411515172540902e-05,0.0012237924061250243,0.0014508533248906556,0.00042444082765638076,0.00010336902518402445,0.00011103174729413598,0.0002629313521119157,0.0012566643767863565,0.0009507995716013631,0.001483029358404217,0.0016964232426177413,-3.4785924001986652,-8.398064950527598,1680822926.0066416
0.0006387228949582398,0.0018837386804729508,0.001609740193227827,0.0006537176473779297,0.0002531971017788237,6.402606176423087e-05,0.0012241685084799904,0.0014511400914042974,0.00042523893549038067,0.00010269875283917091,0.00010961469871625967,0.00026149011869381955,0.0012549613028091872,0.0009507208467127948,0.001480410458671464,0.0016950955303768535,-3.482419234522316,-8.40730374585271,1680822926.013644
0.0006359344871814913,0.0018827950614558671,0.0016082972063291333,0.0006517948857868784,0.0002518516822891129,6.407982400394168e-05,0.0012255715683255968,0.0014499279774311505,0.0004245847752096185,0.00010279181502549417,0.00011069266929293564,0.0002608676079692125,0.0012544606740145052,0.0009466207642727572,0.0014798734640173287,0.001694663753703553,-3.4862460688459667,-8.416542541177822,1680822926.0205574
0.0006513017137276276,0.0019107850943765818,0.0016336802662425605,0.0006666627462137503,0.0002574090710956994,6.408892480770723e-05,0.0012320123895441834,0.0014658683795001055,0.00042843412551571056,0.00010548868903497951,0.00011184680649050261,0.00026635893836828044,0.001273268165897756,0.0009690484953578236,0.0015005841593229666,0.0017186016939998775,-3.4900729031696183,-8.425781336502936,1680822926.0274472
0.0006346855450651563,0.0018903340574979665,0.0016132263450300542,0.0006508924164829917,0.0002522409903072114,6.403595125004536e-05,0.0012363930755538337,0.0014601858309084136,0.00042870623866880434,0.00010194341735302991,0.00010963149233880469,0.0002608851784687919,0.0012605936640417295,0.0009450142189440911,0.001486141901238248,0.0017032732289763083,-3.493899737493269,-8.43502013182805,1680822926.034477
0.0006351765309950231,0.0018781993102008363,0.0016039997633933265,0.0006510364587125208,0.00025193536600779206,6.408675707497333e-05,0.0012171631040513128,0.001441224107580134,0.0004219976232532237,0.00010291674501665763,0.00011121802326701367,0.0002617072003900847,0.0012486329643050368,0.0009445443936739998,0.0014754953758450901,0.0016860052248055214,-3.4977265718169197,-8.444258927153163,1680822926.0409133
0.0006298250655978542,0.0018638835521509257,0.0015916060424216376,0.0006451103154032173,0.00024975507851875264,6.399040804988647e-05,0.0012156510351482605,0.0014366619555790483,0.0004217577216086026,0.00010097207567825089,0.00010922474587380507,0.00025836392649983644,0.0012391889539930042,0.0009364621904513304,0.001464875631427276,0.001674799635765648,-3.5015534061405704,-8.453497722478275,1680822926.0478706
0.00064064950268958,0.0018830179040545598,0.0016085422310433161,0.0006560825199051596,0.00025284133383544384,6.407338700968471e-05,0.001217197487337139,0.0014415492541643617,0.00042027726761976336,0.00010431172840513479,0.00011276297418967948,0.0002630714214178296,0.0012523102335110048,0.0009519816164647159,0.001479214251341239,0.0016900665285090528,-3.5053802404642216,-8.462736517803387,1680822926.0552862
0.0006466978734403427,0.001889615632630292,0.001615593466369088,0.0006610368789829398,0.00025458291439873614,6.401549696818294e-05,0.0012184656961082814,0.0014455436522710613,0.0004218275922352087,0.00010477382851276575,0.00011215462636796793,0.000264040247079792,0.0012568851894692735,0.00096022516925673,0.0014840068661276771,0.0016965126682636493,-3.5092070747878723,-8.4719753131285,1680822926.0633626
0.0006387343073669105,0.0018809785222325163,0.001606685935095824,0.000654318516330772,0.00025162739380962714,6.406004954346476e-05,0.0012203014300395266,0.0014423707437923286,0.00042081124363805677,0.00010362633055426458,0.00011236281711365867,0.00026159045202389886,0.0012513268663350034,0.0009490639688225687,0.0014779638392421084,0.0016895885032937286,-3.513033909111523,-8.481214108453614,1680822926.0701034
0.000650940004434452,0.001904777419157796,0.0016282907152563861,0.0006666419110673135,0.0002572929147725035,6.410062996143229e-05,0.0012264752397180905,0.0014560885058001012,0.0004235798152054836,0.00010609626068667623,0.00011363751032533116,0.00026738146769012786,0.0012686721704194936,0.0009671924862254033,0.0014958233074621712,0.0017109967092591137,-3.5168607434351737,-8.490452903778726,1680822926.0761373
0.0006426176682732381,0.0018954882138474583,0.0016191272160604325,0.000659025920449721,0.00025569039856849005,6.408835774778056e-05,0.0012269831235596717,0.0014555620125530674,0.00042694241993917385,0.00010298145277205602,0.00011048611395896745,0.00026437540662428173,0.001260739526523203,0.0009554673582899583,0.0014890124046591125,0.0017023342457232625,-3.5206875777588253,-8.49969169910384,1680822926.0831573
0.000643283860680235,0.0018925743921597337,0.0016166245239723847,0.0006594620151931563,0.0002550306261209465,6.415836522811567e-05,0.0012207690661653837,0.0014487986451118954,0.000423275942252063,0.00010410192958112776,0.00011194383940944871,0.0002647899488400364,0.001258173552194968,0.0009559566464874515,0.001486337955295931,0.0016977924191427846,-3.524514412082476,-8.508930494428952,1680822926.089302
0.0006504962193604894,0.0018990788792576552,0.0016234730444013837,0.0006655053477574036,0.00025685162359324296,6.4155399464425e-05,0.0012202752366197813,0.0014513496807886303,0.0004244032454612891,0.00010499920784249251,0.000112108415821547,0.000265901669100688,0.0012623122922430562,0.0009660473329234445,0.0014912086940922365,0.0017036870599216776,-3.5283412464061272,-8.518169289754065,1680822926.096315
0.0006409661574859152,0.0018872784685552485,0.00161180941047321,0.0006571584071098061,0.0002535868467016708,6.419628280801353e-05,0.001220964063822681,0.0014469489563508743,0.00042302159818274486,0.00010357982199119913,0.00011213337513624908,0.00026299575692742446,0.0012544196109539978,0.0009526130363579139,0.0014828218189298543,0.001693871462825419,-3.532168080729778,-8.527408085079179,1680822926.1034439
0.0006534422333754178,0.001912121601405185,0.001634252023480561,0.000669737550769393,0.00025937096184222916,6.420967100504121e-05,0.001228483328539672,0.0014622254971814507,0.0004263405897485687,0.00010592721476563211,0.00011331748454332618,0.00026887273926106336,0.001272671938973179,0.0009710708622205423,0.0015015637713943198,0.0017164706961715465,-3.5359949150534287,-8.536646880404291,1680822926.109855
0.0006410219668396167,0.0018918206480625433,0.0016158433543332859,0.000657693472335111,0.0002544675936442427,6.418197135435653e-05,0.0012265337993158446,0.0014526960200380446,0.0004251344669223047,0.00010317571462674722,0.00011161118513934954,0.00026345705933719687,0.0012583034646013402,0.0009527503034645968,0.001486652117507648,0.0016998435093771788,-3.5398217493770794,-8.545885675729403,1680822926.1179178
0.0006494240413721596,0.0018980340891438664,0.0016231565382074365,0.0006660076078074453,0.00025753258578290665,6.421753897092204e-05,0.0012172322599143244,0.001448351434800169,0.00042222613322841885,0.00010518915210671138,0.00011343524963498678,0.0002672405973242357,0.001261219061771087,0.0009647859086181119,0.0014902291294054098,0.0017017419301157642,-3.54364858370073,-8.555124471054516,1680822926.124739
0.0006425738195027655,0.0018801301288145953,0.0016070479563082202,0.000658902520738345,0.0002552491440868917,6.411717099994844e-05,0.0012135671652035026,0.0014404017340899082,0.00042108477592715977,0.00010298181695185866,0.00011169386444139077,0.0002637713243374988,0.0012487585796541432,0.0009541920294778224,0.0014765644045692996,0.0016864349395343031,-3.5474754180243813,-8.564363266379628,1680822926.1317263
0.000642782739963562,0.0018828070837504337,0.0016089208526056983,0.0006589990456977277,0.00025412568339269596,6.420302401903136e-05,0.0012110758192279579,0.0014378181400964867,0.00041941912441728244,0.0001041831780764371,0.00011328086300070071,0.0002638554670734553,0.0012497767246675581,0.0009542787718641645,0.0014784755416496678,0.0016871579348703956,-3.551302252348032,-8.573602061704742,1680822926.1379106
0.0006506137920290687,0.0019093806627865659,0.001631302854735149,0.0006673838525332288,0.00025769112647744245,6.423387983130806e-05,0.0012286526829553026,0.0014604257716762349,0.0004262427065674008,0.00010549145727687889,0.000113957182306731,0.0002671692188048995,0.0012695361214672917,0.0009666993494711984,0.0015002748404285367,0.001714016072214462,-3.5551290866716836,-8.582840857029856,1680822926.1449006
0.0006345764955892664,0.001885562146720322,0.0016083470650538095,0.0006520661429746004,0.0002523549801443124,6.422515313987403e-05,0.0012289123281375419,0.001450749886907835,0.00042438854512011164,0.00010245568083137704,0.00011255962521149891,0.00026165944250976464,0.0012541607674063416,0.0009433293009396733,0.0014830566244600739,0.0016950034250161074,-3.5589559209953343,-8.592079652354968,1680822926.1524117
0.0006419473495993059,0.0018973024393053822,0.001620161840107446,0.0006602135515534422,0.00025653558421155284,6.42705098782611e-05,0.0012286443483247728,0.0014563270530816678,0.0004247274510773769,0.00010392135695044075,0.00011356812576892881,0.0002659564859557725,0.0012625464753254084,0.0009547824655073741,0.0014914241008582416,0.0017043889147657092,-3.562782755318985,-8.60131844768008,1680822926.1594071
0.0006344526010392107,0.0018817535870783773,0.0016071148604394916,0.0006529564966140392,0.00025402033386308603,6.419549912824437e-05,0.0012261709027543198,0.0014488572690385512,0.0004248747252335204,0.00010138389006790843,0.00011171566982002056,0.0002625461227945961,0.0012511989442299822,0.0009435632165188649,0.001479957961759074,0.0016912289413491914,-3.5666095896426357,-8.610557243005193,1680822926.1663482
0.0006357857959500623,0.0018824456283145024,0.0016076464547879839,0.0006541000364595499,0.0002538319545215733,6.4294344052722e-05,0.0012213280125080144,0.0014452923473822425,0.0004217410226883041,0.00010279003868989085,0.0001134331480393958,0.0002635959194958339,0.0012510711476319265,0.0009452373300525564,0.0014802169995961334,0.001690200570905528,-3.5704364239662865,-8.619796038330307,1680822926.1732976
0.0006345881552601209,0.0018755989497648488,0.0016010787031094553,0.0006519138780082852,0.00025260963796188497,6.424085842931681e-05,0.001220770141373489,0.001443313236699725,0.0004222213098692516,0.00010176253033662775,0.00011164057732953773,0.00026110103206218095,0.0012467214497844277,0.0009431709056449644,0.0014753926628329151,0.0016853663985641313,-3.5742632582899376,-8.62903483365542,1680822926.1802607
0.0006278686512850589,0.001870098314031666,0.0015950070440512217,0.0006463077272279707,0.0002502567128934931,6.427092924566126e-05,0.001221679328133762,0.0014410527050141165,0.0004213247991220087,0.00010119531477119935,0.00011229882783791734,0.0002594415770214883,0.0012428307119152248,0.0009338509733684416,0.0014716432328885285,0.0016802521259766897,-3.5780900926135883,-8.638273628980532,1680822926.1872034
0.000639197990148968,0.001891770732865152,0.0016154757397523157,0.000658005300790863,0.0002551957473767931,6.433692021488208e-05,0.0012281055796534897,0.0014542575897353595,0.00042466789206895174,0.00010327807629577064,0.0001126817307236506,0.0002642898783410142,0.0012586895661768622,0.0009512578405839046,0.0014887032672558811,0.0017006613522786928,-3.581916926937239,-8.647512424305644,1680822926.1937401
0.0006259496906096324,0.0018711409938297681,0.0015963243625122779,0.0006450306899453595,0.00025078646998524866,6.428606621562437e-05,0.0012256306395446834,0.0014466991728080093,0.0004244799139664857,0.00010007245937522299,0.00011051142542304599,0.0002592457644500018,0.00124489437657693,0.0009324639423793652,0.001473866374960264,0.001684191369699939,-3.5857437612608907,-8.656751219630758,1680822926.200764
0.0006331611006294173,0.001873536442822415,0.0016002713766246413,0.0006517227778127305,0.0002529028675943496,6.429250094194202e-05,0.001216324235107936,0.0014398402140298112,0.00042079968945414495,0.00010234540623256545,0.0001121385935863282,0.00026211051439529656,0.0012460185266407566,0.0009428688450717761,0.0014746287237822116,0.0016840404582663829,-3.5895705955845414,-8.665990014955872,1680822926.2080402
0.0006258708797876727,0.0018567610808189355,0.0015861524449685342,0.0006448171893391511,0.0002508307037484937,6.42027408021557e-05,0.0012152478022621567,0.0014341661416282852,0.0004208409528420067,9.984236946312354e-05,0.00010994303527160595,0.00025875398170843684,0.0012348972260791497,0.0009322779250043609,0.0014621924683631412,0.0016707606438296138,-3.593397429908192,-8.675228810280984,1680822926.2150083
0.0006381929073425966,0.0018825800376696695,0.0016093136231470505,0.0006573093692011377,0.00025376586894468013,6.430754325976167e-05,0.001221171142144116,0.0014467128939110085,0.00042339862067255406,0.00010313139508739944,0.00011230552344668781,0.0002625337368018576,0.001253058995762226,0.0009511991208633301,0.001482234946683741,0.0016942814186452664,-3.597224264231843,-8.684467605606097,1680822926.221925
0.0006450268105135408,0.0018910753938793537,0.0016170769155775945,0.0006629669597411218,0.00025575233071159736,6.429382533713665e-05,0.001223005651421599,0.0014515302614053587,0.0004254301932264969,0.0001038080583579618,0.00011175680630934776,0.0002636781286274267,0.001259023657367141,0.0009607198921436239,0.001488527519372188,0.0017023557395781435,-3.601051098555494,-8.693706400931209,1680822926.2297804
0.0006348893056194977,0.0018885237112976384,0.0016128109868654198,0.0006545757950445432,0.0002536673211496724,6.428673473348636e-05,0.0012339949611598015,0.0014584930435891758,0.000428267366033851,0.00010181018865850779,0.00011087757191645079,0.00026165320276260633,0.0012585638883748044,0.0009472242416228344,0.0014878973895841826,0.0017026854531262117,-3.6048779328791447,-8.702945196256323,1680822926.2347023
0.0006374275111427628,0.0018829864696309846,0.00160963086964665,0.0006576245241837489,0.00025406924597960983,6.427062747244667e-05,0.0012195279344746582,0.0014460409882388666,0.00042336730432568153,0.00010325797112233178,0.00011265313513798113,0.0002629831776253244,0.0012534290056491913,0.0009516213648805817,0.0014827110067876402,0.0016937875565855908,-3.6087047672027954,-8.712183991581435,1680822926.2426775
0.0006286932406223536,0.0018658061772363172,0.0015949061027987184,0.0006491809684077799,0.0002509784909983907,6.424027272996248e-05,0.0012165793281837978,0.001438425155466965,0.00042361705250403334,0.00010048014139556472,0.0001105403952102452,0.0002589348907988443,0.0012412365154529782,0.0009395130295680636,0.0014702201510165954,0.0016792592326022975,-3.612531601526446,-8.721422786906547,1680822926.2496905
0.0006323803828597434,0.0018780854885588293,0.0016065445668597845,0.0006549661684076687,0.00025321295184704004,6.427763263155151e-05,0.0012191209017837618,0.0014446545578313426,0.0004223289747907511,0.00010284277196087673,0.00011328194287495693,0.000263003728493679,0.0012514110116851732,0.0009467154362888494,0.0014799200823735,0.001690540629909065,-3.6163584358500978,-8.730661582231662,1680822926.2566345
0.0006385010328703204,0.0018851483207830916,0.001613828709787203,0.0006599492542188821,0.0002544320220964596,6.425582026163639e-05,0.0012206236663132586,0.0014484545622843747,0.00042407064602607305,0.00010362815084196718,0.00011284562859455958,0.0002633977790758843,0.0012565385178745579,0.0009551973029885823,0.0014851245792829209,0.0016977632873317711,-3.6201852701737485,-8.739900377556774,1680822926.2627606
0.0006281730148705654,0.001868974262407875,0.001598800975025861,0.000650122379730411,0.00024975091439562283,6.42342764311596e-05,0.0012219565135623484,0.0014429554239356818,0.00042371754133873273,0.00010145339409449137,0.00011136787721934606,0.00025828316067473507,0.0012465328578592184,0.000940435831646093,0.0014738422971711294,0.0016864319824873729,-3.6240121044973996,-8.749139172881888,1680822926.2698293
0.0006424000537823295,0.0018956976691231083,0.0016231781758533818,0.0006646899554820402,0.00025556240821050184,6.425573397549911e-05,0.0012271878952386812,0.0014569101952947507,0.0004266538805022889,0.00010431164604128615,0.00011288007511419381,0.00026425067693918,0.0012646523097922663,0.0009618436975819401,0.0014937080055134199,0.0017089448596303632,-3.6278389388210504,-8.758377968207,1680822926.277017
0.0006361032144349085,0.0018897862508842514,0.001617349812448116,0.000658279894408112,0.0002546466924797318,6.418986399216815e-05,0.0012285426413225103,0.0014566183962930344,0.0004276145353611504,0.00010290919037660093,0.00011161700329157445,0.0002632077872859766,0.0012613124866269257,0.0009529517171180172,0.0014900924955339814,0.0017045966715034423,-3.631665773144701,-8.767616763532113,1680822926.2844782
0.0006472083303576096,0.0019034553454458929,0.001630770665546824,0.0006694948762733949,0.00025865186187361164,6.417185433652535e-05,0.0012245951162903202,0.0014590035996131575,0.00042666516881978184,0.0001054251896588565,0.00011380834180369343,0.0002679639389107165,0.001270767179965449,0.0009694457568558732,0.0014994574519353536,0.0017148686840464593,-3.635492607468352,-8.776855558857225,1680822926.2925048
0.0006374255120521933,0.0018791441995508339,0.00161040354479153,0.000659612741191137,0.0002551218716575655,6.406777610941711e-05,0.0012186636935198106,0.0014475564739392553,0.00042466107877377825,0.00010267261822100364,0.00011147558484149191,0.00026333067850956574,0.0012537973859253922,0.0009550281222926684,0.0014813376666316686,0.0016940004583742751,-3.6393194417920025,-8.786094354182337,1680822926.2982504
0.000633066284847407,0.0018742508689338262,0.0016058011931722592,0.0006549775430430684,0.000251567728007355,6.417499058168632e-05,0.0012193909928656453,0.001444018162787693,0.0004234240602087392,0.00010274763087922698,0.00011229888064299635,0.00026027341016366165,0.0012511549668787097,0.0009487648840857248,0.0014789144200344718,0.0016910345184691868,-3.6431462761156537,-8.795333149507451,1680822926.3052235
0.0006465122845262836,0.0018964092262323455,0.0016267462043751432,0.0006673978310907773,0.0002559388986839476,6.417986353555088e-05,0.0012245023825559382,0.0014566305418191165,0.00042688059123168577,0.00010499610498793529,0.00011290775596331462,0.00026422946135728624,0.0012665462952678001,0.0009680860601738974,0.001495453716823352,0.0017109022277303288,-3.6469731104393044,-8.804571944832563,1680822926.3115916
0.0006318925585160627,0.0018785262138094666,0.0016090068528767888,0.0006540203824416059,0.000251129312628707,6.416121870886467e-05,0.0012281270357568067,0.001451875258043692,0.000426454252310928,0.00010216541147733581,0.00011143330440721325,0.0002595374495577618,0.001256244019117825,0.0009473433813349187,0.0014831908327307118,0.0016986839190871077,-3.650799944762956,-8.813810740157678,1680822926.3191662
0.0006411717123331122,0.0018914359239452965,0.0016219797943935008,0.0006633867145195293,0.00025514297449305215,6.418083509821597e-05,0.001224341738351369,0.0014543711224987823,0.000425949831466478,0.00010428168648231677,0.00011296995391141391,0.00026414581861634927,0.001264427611561911,0.0009611546293644307,0.0014922474811122184,0.0017075816994820724,-3.6546267790866067,-8.82304953548279,1680822926.3251126
0.0006364652757091108,0.0018812770372176504,0.0016132806796436208,0.0006583738478172152,0.0002538829606761495,6.4147953483701e-05,0.0012243945213194901,0.0014505477534073135,0.0004271487171591196,0.0001024393256104524,0.00011148084369305998,0.0002619158642864483,0.0012577580859283546,0.0009546402760139497,0.0014854242468560685,0.0016994380610483271,-3.6584536134102574,-8.832288330807902,1680822926.3328502
0.0006373587879245953,0.0018827488015631388,0.0016144721726050193,0.0006592410104067986,0.0002532595801209549,6.419628295959599e-05,0.0012201012683558726,0.0014484067799676941,0.00042453148620640805,0.00010380295794187043,0.00011298873071902344,0.0002625048570426661,0.0012581980541034033,0.0009560790871108582,0.0014863845661984164,0.0016991597916521178,-3.662280447733908,-8.841527126133016,1680822926.3398175
0.0006411332772593935,0.0018850647918769977,0.0016177190355373084,0.0006620803204848352,0.00025383204726177355,6.417097993368844e-05,0.0012215777749938904,0.001451188117509324,0.0004259744690905042,0.00010400495489519791,0.00011179956073336048,0.0002621032476275814,0.0012604047530552609,0.0009612963455491412,0.0014882163466187089,0.0017028754905438973,-3.666107282057559,-8.850765921458128,1680822926.3465657
0.0006344593142395978,0.0018775694507902857,0.0016108991961310503,0.0006566787653246805,0.00025179097561430847,6.416004892786294e-05,0.0012225783532597927,0.0014481776385322303,0.0004247931761990312,0.00010320437981440466,0.00011232061858183877,0.00026060506064387156,0.0012565007860740028,0.0009525917475244618,0.0014834118715857127,0.001697551369385014,-3.66993411638121,-8.86000471678324,1680822926.3535075
0.0006465350186526805,0.001901426004018126,0.0016326268979818845,0.0006689589422893612,0.00025732571110140425,6.420259814029055e-05,0.0012294282211333873,0.0014625491232934263,0.0004278506017138874,0.0001055720491392077,0.00011352159107583196,0.00026631346929608334,0.001274298803881836,0.0009706626506244302,0.0015013722993251336,0.0017195338103472553,-3.6737609507048608,-8.869243512108353,1680822926.3597374
0.000636373497016088,0.0018859143018828918,0.0016187483432534829,0.0006590769216659479,0.0002536794404709419,6.416850474722739e-05,0.001226116079450922,0.0014554600069513032,0.00042784589330394757,0.0001029377359102862,0.00011138230184478991,0.00026209486343371915,0.0012630565045613257,0.0009561231058126431,0.0014898430241546954,0.0017060282880600863,-3.6775877850285115,-8.878482307433465,1680822926.3673205
0.0006415787440204678,0.0018889023100899204,0.0016222550974427058,0.0006640934473514244,0.00025517917844118725,6.418044912515413e-05,0.0012200230061836569,0.0014508363321587522,0.0004247091763379936,0.00010477765025222868,0.00011319808847253116,0.00026466816345218703,0.0012644579406665836,0.0009636022066425525,0.0014913131396904016,0.0017062864054179817,-3.681414619352163,-8.887721102758581,1680822926.374257
0.0006239163261391687,0.0018581155430090071,0.001593675393417122,0.000647324355979699,0.00024958304651597255,6.406803175909814e-05,0.0012188316168599625,0.0014400292305925466,0.00042303369308636864,0.00010071158316409692,0.00011073394285996863,0.0002581489743799517,0.0012441240007556656,0.0009381454698664597,0.001469000239896525,0.0016809787794736027,-3.685241453675814,-8.896959898083693,1680822926.3816123
0.0006233377870820874,0.0018600796369859578,0.001595036437119924,0.0006467745077348941,0.000248358003950287,6.413160032923726e-05,0.0012166809047396026,0.001437607021874002,0.0004214660966758254,0.00010173720063640615,0.00011225933512449331,0.0002579897454155119,0.0012449644659139826,0.0009375152651747234,0.0014704974124864507,0.0016815672492365517,-3.6890682879994645,-8.906198693408806,1680822926.3882773
0.0006487962629727419,0.0018999982941890444,0.0016327449017463837,0.0006692555752126525,0.0002548889296418017,6.419036296130815e-05,0.0012211251150915556,0.0014561376110928438,0.0004253613403509209,0.00010694507995647494,0.00011441331088093742,0.0002646377052164523,0.0012722879664244392,0.0009735222634584975,0.0015008887216327882,0.0017172852789951493,-3.6928951223231157,-8.915437488733918,1680822926.3953898
0.0006337243914315625,0.0018798350433719524,0.0016132105621169026,0.0006551002100235044,0.0002499401935372956,6.418025477102327e-05,0.0012240786456092104,0.001449935207577729,0.00042432584495307677,0.00010415620464330336,0.00011315456369999178,0.0002596626468354937,0.0012599740301937157,0.0009520083694353819,0.0014867658885439066,0.0017022664100810041,-3.6967219566467664,-8.92467628405903,1680822926.4024322
0.0006425548142712604,0.0018920951102809778,0.0016253795170930708,0.0006639474991905181,0.0002538784469993242,6.418579816607849e-05,0.0012200024620021821,0.0014519384940921368,0.0004236572405639584,0.00010607303277987717,0.00011465178523635642,0.0002642379891444378,0.0012676114448504998,0.0009649781155465199,0.0014950258339297992,0.0017102069657479418,-3.700548790970417,-8.933915079384144,1680822926.4083767
0.0006386213797197887,0.0018851340673981046,0.0016191350276050646,0.0006604947321856979,0.00025268418914393764,6.407684548093512e-05,0.0012223953621405535,0.0014501048562252919,0.00042605324740513053,0.00010381269107299489,0.00011301232119045242,0.00026207019874299015,0.0012628468981466623,0.0009591025203592554,0.0014901463707865164,0.0017050703092985895,-3.704375625294068,-8.943153874709257,1680822926.4162984
0.0006398428768941123,0.0018861872423940986,0.0016199880231198927,0.0006615182309659337,0.0002523602931331415,6.413993697023864e-05,0.001217726448401323,0.0014469396443341717,0.0004231124576659127,0.00010529459934345494,0.00011457192730101512,0.0002630091876444371,0.001263180734315674,0.0009607968372827433,0.001490775801493038,0.001704585850298866,-3.7082024596177185,-8.952392670034369,1680822926.4232352
0.0006414134551359057,0.0018854829639919977,0.0016189974247967696,0.0006622583767834997,0.00025287209250616317,6.403423984262065e-05,0.0012205358991739287,0.001449047050101953,0.00042472081834331354,0.00010463087029249395,0.00011291860930172354,0.00026235645868000993,0.0012628018926095358,0.0009624267204386321,0.001490729515420356,0.001704703875471207,-3.71202929394137,-8.961631465359483,1680822926.4300127
0.000634687108086165,0.0018795008362933368,0.0016126176677304133,0.0006566144527774093,0.00025051208961479344,6.406478624392164e-05,0.0012218407970508052,0.0014468383937702883,0.0004237251392508298,0.0001039430940305992,0.00011346809345396129,0.0002605179203017503,0.001258773066778122,0.0009530495564719317,0.0014866709164611308,0.0016994035407015286,-3.715856128265021,-8.970870260684595,1680822926.4370356
0.0006412977721884554,0.0018851862499246138,0.0016195525149120614,0.0006625970798441135,0.0002527661952562298,6.402465959499307e-05,0.001221396375692362,0.001450902555323435,0.00042491261223427066,0.00010431964004081093,0.00011226680806582457,0.00026194346177417467,0.0012615422492234358,0.0009626809831498258,0.001490869518688363,0.0017036911086293605,-3.719682962588672,-8.98010905600971,1680822926.4440126
0.0006273505077190109,0.0018641715592847238,0.0015997852910152395,0.0006485665958563009,0.0002482743545206568,6.39557442091724e-05,0.0012202325550696989,0.0014435165003958631,0.00042478298571691365,0.00010090709869501643,0.00010991624826732315,0.00025687609554639215,0.0012478903369215635,0.0009423094823380401,0.001476178524528536,0.0016874553862267652,-3.7235097969123228,-8.989347851334822,1680822926.450861
0.0006373803846375152,0.0018751491433845488,0.0016103846758209978,0.0006582400789226796,0.00025163114761021094,6.40046934332249e-05,0.0012193023400607348,0.001445095230632558,0.0004231031578571162,0.00010328651316594078,0.00011189926161587837,0.0002610342616537372,0.001255548273341436,0.0009561333556183823,0.0014839338653452625,0.0016957217976826427,-3.7273366312359735,-8.998586646659934,1680822926.457994
0.0006307412548660344,0.001859344166817829,0.0015963381595215942,0.0006513253300392811,0.00024953516689851584,6.395030293943838e-05,0.0012183986685821962,0.0014399083442803507,0.0004230764012086259,0.000100874944778978,0.0001093848601328908,0.0002576482090663028,0.001244844280649897,0.0009459287022090309,0.0014720018059490199,0.0016831011382945778,-3.731163465559624,-9.007825441985046,1680822926.4650755
0.0006305828862967281,0.0018617039978496405,0.0015975475103540008,0.0006510825398311449,0.0002479883157418811,6.402696179101636e-05,0.00121588224577435,0.00143714933723209,0.0004214281426528692,0.0001018997375759753,0.00011098006719374312,0.00025732853527796684,0.0012458953744686261,0.0009456301854608647,0.001473990446579681,0.0016839405886266117,-3.734990299883275,-9.017064237310159,1680822926.4718778
0.0006414254541453663,0.0018841562400352249,0.001616760535205702,0.0006620518763695296,0.0002527514054161841,6.404851936058716e-05,0.0012239108655613408,0.0014505201614634048,0.00042434457942291975,0.00010397611996752183,0.00011155740248628416,0.00026205032427315607,0.0012614619093293618,0.0009612608485142855,0.0014904773842179498,0.0017029902263278978,-3.738817134206926,-9.026303032635273,1680822926.4788828
0.0006267567877248396,0.0018708212040571296,0.001602963879682751,0.0006487235412154733,0.00024909613358524343,6.402718578161831e-05,0.0012319960498549094,0.0014518234758156183,0.00042588091363006533,0.00010088717082910416,0.00010972717015143187,0.00025811125969164714,0.00125381813319471,0.000940694814076235,0.0014817622281241719,0.0016941201898800708,-3.742643968530577,-9.035541827960385,1680822926.484814
0.0006366093971233427,0.0018784668292701888,0.001611649754402224,0.0006578764162796152,0.00025221114555129694,6.401380023692594e-05,0.0012260337381250386,0.0014492677372588444,0.00042361642370131815,0.00010314394219387985,0.00011127221187385018,0.0002617479263477792,0.0012586275134515445,0.000954587639515917,0.0014868426595672462,0.0016985004698525197,-3.7464708028542284,-9.044780623285499,1680822926.492693
0.0006286959113230347,0.0018621708743472387,0.0015977443968040461,0.0006501649817413687,0.0002493685900392264,6.394493885756742e-05,0.0012236915174912181,0.0014417999819790635,0.00042381141553449815,0.00010044917911124926,0.00010921716739068938,0.000257931968728247,0.001247024823670635,0.0009431158542902953,0.0014748334091958862,0.0016847422473754807,-3.750297637177879,-9.054019418610611,1680822926.4995859
0.0006415661224804152,0.00188057289631894,0.0016146801259888839,0.0006616816967698678,0.0002523442076873357,6.406332655463256e-05,0.0012245327686584632,0.001448972809744338,0.0004236856589274546,0.00010361334385748278,0.0001112538550675545,0.00026136919344765705,0.0012589594910555352,0.0009609424932890686,0.0014880341980051735,0.0016997400498251069,-3.75412447150153,-9.063258213935724,1680822926.5065503
0.0006488529815650211,0.0018895671783005416,0.0016231260861135851,0.0006674314498119306,0.0002538778049222024,6.406525638499584e-05,0.001226529108401238,0.0014535594959917116,0.0004256448752029087,0.00010451910910051601,0.00011082360426114983,0.0002620401489093853,0.0012650337398026233,0.0009707629965068315,0.0014944854324247818,0.0017083281531262685,-3.7579513058251806,-9.072497009260838,1680822926.512551
0.0006387515045534945,0.0018784081363627048,0.001611657091603301,0.0006588154231085189,0.00025093468444760484,6.413117596854617e-05,0.0012272515106247347,0.0014492237207137041,0.0004242693261638115,0.00010312193425821725,0.0001106193093049376,0.0002597745464913403,0.0012571676523337324,0.0009561281947205553,0.001486321802209312,0.001698148344219166,-3.7617781401488313,-9.08173580458595,1680822926.5204496
0.0006527555882305879,0.0019069468761287733,0.001637540342999273,0.0006730249661343217,0.00025685632566017056,6.412713690866333e-05,0.0012367268409311425,0.0014668647779805778,0.00042852985879803516,0.00010573946531193917,0.00011179532796417976,0.00026571709087982206,0.0012771975479411006,0.000977088293306331,0.0015079856890438618,0.001723411126725242,-3.7656049744724824,-9.090974599911062,1680822926.5271306
0.0006403081578646732,0.0018856654560080051,0.0016183179870662993,0.0006606321830467652,0.00025283367185097323,6.404485355639374e-05,0.0012331207965797775,0.0014581356591821814,0.00042803674601529866,0.00010255599510703655,0.0001094268556927285,0.0002608899721665084,0.0012626865564556884,0.0009591052157393455,0.001492458780490973,0.0017057752401655908,-3.769431808796133,-9.100213395236175,1680822926.5338707
0.0006460845207647951,0.0018903774282296919,0.001622429692965958,0.0006657520570908758,0.00025476632042365204,6.404652215911314e-05,0.0012274948268901256,0.00145411235179656,0.00042483221821935013,0.00010452488156504334,0.00011127999149784744,0.00026412185078126724,0.0012643191443340732,0.000967243713734375,0.001495270712553594,0.0017062931970580986,-3.773258643119784,-9.109452190561289,1680822926.5408716
0.0006418579848429204,0.0018792114913315137,0.0016133166129161892,0.0006614853679316896,0.0002535145469177092,6.39690065732596e-05,0.0012284573341489649,0.001452565641839868,0.00042531414715578803,0.00010268179284117562,0.00010888358003986544,0.0002615435793890663,0.001257205444875011,0.0009607274517501461,0.0014869193729687852,0.0016981827789802181,-3.7770854774434355,-9.118690985886403,1680822926.5482268
0.0006436414551914064,0.0018841368481267683,0.0016175483757318856,0.0006636847549654018,0.00025352806514414034,6.404802357838715e-05,0.001226640980355574,0.0014504639942545952,0.00042362525071473056,0.00010428303596470797,0.00011092455736765234,0.0002628781425002722,0.0012597595407426233,0.0009633101764331396,0.0014904392849574377,0.0017007566334924812,-3.780912311767086,-9.127929781211515,1680822926.5551667
0.0006581179985096025,0.0019113500537782362,0.0016419177284611004,0.0006776488295553401,0.0002585793378764206,6.406478622663908e-05,0.0012349376704065594,0.001467155341928697,0.00042789232686826924,0.00010674411584558003,0.00011185006441188402,0.00026773036085340514,0.0012780672952458988,0.0009844026840828022,0.0015107123788878666,0.001724620374118455,-3.784739146090737,-9.137168576536627,1680822926.5610006
0.0006352528003619963,0.0018745943171059357,0.0016068549702763805,0.000654979445200011,0.0002498034263154612,6.406104731376105e-05,0.0012321859406210422,0.0014499516174888167,0.0004245560728746016,0.00010256121784376764,0.0001092402596778617,0.0002586703078577557,0.0012531328592027176,0.0009498682116587547,0.001483794511148701,0.001693899144579978,-3.788565980414388,-9.14640737186174,1680822926.5689855
0.0006444725726980353,0.0018869789742210076,0.001619039936070044,0.0006641967830655715,0.00025380263092957244,6.407770635998392e-05,0.0012279841260127834,0.0014516735692556174,0.0004237068784554913,0.00010467633289963213,0.00011077614352950841,0.00026324917724660185,0.0012606203411841817,0.0009633621211418249,0.0014924280320805837,0.0017019958905147372,-3.792392814738039,-9.155646167186854,1680822926.5749817
0.0006442054282055803,0.0018868008790101434,0.0016185724325791632,0.0006635957069062727,0.0002536542171560173,6.407028567298653e-05,0.001228718774630455,0.001452749571071511,0.00042384787175944554,0.00010463922939217965,0.00011065741230229972,0.00026318239095440187,0.001259982161131998,0.000962887197694903,0.0014926358094513115,0.001701632277557616,-3.7962196490616895,-9.164884962511966,1680822926.5830548
0.0006465815917971427,0.0018880197499145561,0.0016195559309161536,0.0006656305008445151,0.0002538857464142613,6.412518819388967e-05,0.001223685276043046,0.0014484991951921506,0.000420494673845911,0.00010621069898374994,0.00011224591932403543,0.0002646065092079042,0.0012598889323017614,0.0009658808550423369,0.0014930693445886153,0.0017002913990720404,-3.8000464833853402,-9.174123757837078,1680822926.5899148
0.0006501428072091396,0.0018896553244215019,0.0016221636282119872,0.0006680130497528441,0.00025421170151862787,6.409702577262319e-05,0.0012246892638274982,0.0014503465640274972,0.00042165222354807996,0.00010625591749468978,0.0001110835722974443,0.0002638828424760773,0.0012611578464513844,0.000970406336264003,0.001494135776863851,0.0017028329686790188,-3.803873317708991,-9.18336255316219,1680822926.5967848
0.0006451090519569199,0.0018833587052200671,0.0016168448527280445,0.0006649161105287847,0.0002541521252563025,6.417396929868523e-05,0.0012255383540770448,0.0014474696096326792,0.0004222406216909062,0.00010482194671184246,0.00011076480635255039,0.000263620538557116,0.0012563906453206325,0.000963658279198293,0.001489151448940565,0.001696705297205283,-3.8077001520326426,-9.192601348487305,1680822926.6037805
0.0006602738788966566,0.0019134220887826162,0.00164393935129742,0.000680283112494385,0.00026044285768723547,6.417866694809463e-05,0.0012336463472364635,0.00146456347929024,0.00042612820950373794,0.00010762552666778576,0.00011225309270667695,0.0002699516633254061,0.0012765397364668362,0.0009862559967653366,0.0015113311155844572,0.0017221083380642328,-3.8115269863562933,-9.201840143812419,1680822926.6107228
0.0006477087418055792,0.0018886711811104487,0.0016213772671490089,0.0006675745897427157,0.0002561065539650795,6.409449617181198e-05,0.0012250433790870258,0.001449663883926671,0.00042406391954089435,0.00010461847503104444,0.00011036254992731838,0.0002651664953119719,0.0012583267361842695,0.0009671688546859514,0.001492051200828378,0.0016991900562262764,-3.8153538206799444,-9.211078939137531,1680822926.616673
0.0006506499871433471,0.0018897404012748983,0.0016225327192644745,0.0006702017721608481,0.0002568407060254711,6.417986346690977e-05,0.001220167647905452,0.00144480095666452,0.0004207498195243269,0.00010617830604478256,0.00011193774495289822,0.00026695003920156713,0.001258308776657658,0.0009710718748879288,0.0014922784431583528,0.0016977995064231214,-3.819180655003595,-9.220317734462643,1680822926.6237862
0.0006465975734417126,0.0018772894017858603,0.0016115901964894874,0.0006657597003006479,0.00025559236797583005,6.415368420262398e-05,0.0012199715776913225,0.0014415847646184622,0.00042063931516674366,0.00010455918701071906,0.0001101530075417982,0.0002643190222799645,0.0012503213429257895,0.0009648027670964025,0.0014830199367927642,0.0016884285654141836,-3.823007489327246,-9.229556529787756,1680822926.6318498
